7067
9762
9964
9965
9653
9657
9980
9981
9655
9658
9982
9646
9649
9963
9968
9648
9661
9969
9966
9647
9962
9656
9651
9660
9659
9663
9983
9984
7068
7319
8243
8337
7025
9976
9679
9680
9681
9682
9683
9684
9979
9664
9665
9666
9667
9973
9668
9669
9670
9671
9672
9673
9970
9676
9677
9678
9971
9972
7333
9978
7344
7411
6932
7213
7378
6987
9995
9789
9799
9813
9772
9775
9778
9796
9803
9814
9776
9780
10022
10027
7028
7125
7203
7415
7094
7119
7120
8290
7244
7031
8420
7133
7202
7276
7062
6915
6919
6922
6940
7419
7106
7273
7165
7117
6920
6680
7250
7162
6982
7163
7013
7343
7404
7346
7268
7280
7287
7305
7161
7169
991
992
997
1002
1006
9399
9481
9442
6252
6255
6258
6268
6276
6284
9476
7516
7517
6100
6101
6102
9339
9416
9058
9453
9454
9455
9402
6086
8386
8387
1254
1257
1313
1317
8351
6177
6180
6154
6153
6163
6064
6069
9433
6231
6235
6241
6237
6238
6240
9371
6917
6918
5856
6216
6217
6218
6214
1552
6900
6901