chr	rs	ps	n_miss	allele1	allele0	af	beta	se	logl_H1	l_remle	l_mle	p_wald	p_lrt	p_score
1	.	307106	36	A	G	0.118	8.887129e+00	8.490985e+00	-9.119682e+02	4.890216e+01	4.969025e+01	2.966781e-01	2.988722e-01	3.121751e-01
1	.	307266	34	T	C	0.185	2.218795e+00	5.133503e+00	-9.124125e+02	4.608596e+01	4.684234e+01	6.661057e-01	6.624371e-01	6.633443e-01
1	.	307316	27	T	C	0.170	6.007266e+00	5.725214e+00	-9.119529e+02	4.727315e+01	4.797046e+01	2.954788e-01	2.921048e-01	2.964800e-01
1	.	307847	35	A	C	0.338	-5.376865e+00	4.231795e+00	-9.117021e+02	4.833383e+01	4.904306e+01	2.055336e-01	2.042938e-01	2.112784e-01
1	.	308370	42	A	T	0.348	-5.891666e+00	4.451302e+00	-9.116256e+02	4.690041e+01	4.752507e+01	1.873391e-01	1.840678e-01	1.874342e-01
1	.	658928	28	G	A	0.362	-2.048155e-01	4.433187e+00	-9.125074e+02	4.574149e+01	4.646689e+01	9.632022e-01	9.767777e-01	9.778357e-01
1	.	661717	38	T	C	0.127	5.927012e+00	5.365243e+00	-9.119278e+02	4.306218e+01	4.382938e+01	2.707783e-01	2.814512e-01	2.925428e-01
1	.	661720	38	A	G	0.127	6.090092e+00	5.362438e+00	-9.118937e+02	4.302905e+01	4.378857e+01	2.576112e-01	2.677396e-01	2.786370e-01
1	.	663474	42	G	T	0.188	-1.927018e+00	4.922745e+00	-9.124333e+02	4.538096e+01	4.601369e+01	6.959315e-01	6.995365e-01	7.018019e-01
1	.	663522	43	G	T	0.102	-3.798532e-02	5.751642e+00	-9.125078e+02	4.575295e+01	4.658996e+01	9.947380e-01	9.936056e-01	9.936162e-01
1	.	663822	51	T	C	0.473	2.289395e+00	4.468229e+00	-9.123759e+02	4.737848e+01	4.798213e+01	6.090259e-01	6.075619e-01	6.152174e-01
1	.	663874	47	G	T	0.263	1.862664e+00	4.673758e+00	-9.124309e+02	4.533185e+01	4.596425e+01	6.907122e-01	6.948368e-01	6.973722e-01
1	.	666092	35	G	A	0.193	-5.130532e-01	5.525614e+00	-9.125046e+02	4.559916e+01	4.637481e+01	9.261272e-01	9.357638e-01	9.370504e-01
1	.	2437560	31	A	G	0.349	-5.909417e+00	5.250108e+00	-9.118894e+02	4.392624e+01	4.438319e+01	2.618587e-01	2.660816e-01	2.738071e-01
1	.	2437619	27	A	C	0.078	-1.411387e+01	9.191283e+00	-9.113305e+02	4.495319e+01	4.537774e+01	1.264192e-01	1.249051e-01	1.285836e-01
1	.	2437655	33	T	G	0.068	3.391671e+00	6.807485e+00	-9.123942e+02	4.441303e+01	4.521077e+01	6.189392e-01	6.335372e-01	6.419709e-01
1	.	2437671	28	A	T	0.079	-8.159612e+00	8.853657e+00	-9.120806e+02	4.571713e+01	4.627815e+01	3.579799e-01	3.553129e-01	3.572812e-01
1	.	2437718	27	T	C	0.078	-1.440354e+01	9.037555e+00	-9.112427e+02	4.464698e+01	4.511396e+01	1.127678e-01	1.116873e-01	1.156048e-01
1	.	2437746	32	A	G	0.074	-1.303739e+01	9.124435e+00	-9.114822e+02	4.581220e+01	4.639110e+01	1.548016e-01	1.520768e-01	1.550181e-01
1	.	2437747	29	G	A	0.060	-5.744255e-02	7.151289e+00	-9.125077e+02	4.579228e+01	4.662741e+01	9.936001e-01	9.856718e-01	9.858818e-01
1	.	2437995	34	T	C	0.062	-1.088754e+01	8.313864e+00	-9.116566e+02	4.440708e+01	4.521748e+01	1.920310e-01	1.919626e-01	1.960702e-01
1	.	2438154	26	C	T	0.117	-5.195197e+00	6.177675e+00	-9.121494e+02	4.661081e+01	4.736343e+01	4.014968e-01	3.971951e-01	3.998669e-01
1	.	2438436	31	T	G	0.067	-9.928753e+00	8.347960e+00	-9.118187e+02	4.365909e+01	4.439775e+01	2.358810e-01	2.404154e-01	2.475831e-01
1	.	2438616	33	G	C	0.075	-1.684283e+01	8.580490e+00	-9.105892e+02	4.471886e+01	4.533773e+01	5.121343e-02	5.012855e-02	5.320383e-02
1	.	2438677	36	G	T	0.056	-1.143641e+01	8.318938e+00	-9.115554e+02	4.628708e+01	4.716358e+01	1.709391e-01	1.675451e-01	1.705984e-01
1	.	2438804	26	C	T	0.065	-1.664928e+01	8.408234e+00	-9.105491e+02	4.543259e+01	4.616045e+01	4.923158e-02	4.778828e-02	5.058973e-02
1	.	2438810	25	G	A	0.065	-1.085797e+01	8.387796e+00	-9.116911e+02	4.348169e+01	4.420799e+01	1.971709e-01	2.012296e-01	2.084248e-01
1	.	2438847	40	T	C	0.250	-3.028557e+00	5.619114e+00	-9.123611e+02	4.597129e+01	4.656621e+01	5.905781e-01	5.880691e-01	5.888997e-01
1	.	2439049	40	A	G	0.350	-3.704315e+00	5.730208e+00	-9.123021e+02	4.514378e+01	4.556894e+01	5.188181e-01	5.212909e-01	5.252609e-01
1	.	2439081	45	C	T	0.081	-6.989358e+00	8.724571e+00	-9.121956e+02	4.446954e+01	4.510019e+01	4.241349e-01	4.294116e-01	4.354314e-01
1	.	2439083	46	A	G	0.358	-5.150159e+00	5.616846e+00	-9.120994e+02	4.420537e+01	4.470552e+01	3.604288e-01	3.660791e-01	3.736787e-01
1	.	2439202	45	T	A	0.333	-4.472811e+00	5.612568e+00	-9.121915e+02	4.525095e+01	4.578570e+01	4.265547e-01	4.263948e-01	4.291548e-01
1	.	2439213	45	C	T	0.244	-2.239364e+00	6.208201e+00	-9.124421e+02	4.609579e+01	4.658746e+01	7.187435e-01	7.168666e-01	7.173462e-01
1	.	2439345	40	T	C	0.243	2.989106e+00	4.551212e+00	-9.122947e+02	4.511279e+01	4.582010e+01	5.121762e-01	5.138433e-01	5.165564e-01
1	.	2439441	26	A	G	0.214	-8.627454e+00	5.820369e+00	-9.114275e+02	4.368615e+01	4.415312e+01	1.400323e-01	1.415938e-01	1.477026e-01
1	.	3120655	40	C	A	0.064	4.980906e+00	6.927717e+00	-9.122470e+02	4.573896e+01	4.655566e+01	4.730947e-01	4.701523e-01	4.714231e-01
1	.	3121154	35	G	T	0.276	-3.344172e+00	4.716684e+00	-9.122703e+02	4.410267e+01	4.482986e+01	4.792464e-01	4.907177e-01	4.995618e-01
1	.	3121498	42	A	G	0.058	3.996851e+00	7.275616e+00	-9.123600e+02	4.507434e+01	4.587349e+01	5.834546e-01	5.866830e-01	5.892870e-01
1	.	3121697	29	C	T	0.497	-6.032698e-01	4.167570e+00	-9.124971e+02	4.608083e+01	4.661860e+01	8.850694e-01	8.837716e-01	8.839548e-01
1	.	3396016	40	C	T	0.057	3.436913e+00	6.959361e+00	-9.123840e+02	4.587004e+01	4.673495e+01	6.220176e-01	6.186913e-01	6.195094e-01
1	.	3396134	49	G	T	0.344	5.826949e+00	4.424115e+00	-9.116587e+02	4.971410e+01	5.055319e+01	1.895021e-01	1.925234e-01	2.053993e-01
1	.	3398241	28	A	T	0.184	-7.130073e+00	4.947764e+00	-9.114632e+02	4.614946e+01	4.680832e+01	1.513218e-01	1.483494e-01	1.513096e-01
1	.	4206526	42	T	C	0.486	6.812245e-01	5.273021e+00	-9.124992e+02	4.634165e+01	4.668859e+01	8.973527e-01	8.956444e-01	8.959633e-01
1	.	4206769	36	T	A	0.465	3.252402e+00	5.157712e+00	-9.123073e+02	4.710906e+01	4.750011e+01	5.291174e-01	5.265747e-01	5.299272e-01
1	.	4206831	41	T	C	0.482	1.554987e+00	5.585595e+00	-9.124684e+02	4.670250e+01	4.699675e+01	7.810343e-01	7.789996e-01	7.805834e-01
1	.	4206846	41	T	C	0.475	3.881800e-02	5.298638e+00	-9.125078e+02	4.621747e+01	4.659644e+01	9.941629e-01	9.925608e-01	9.925898e-01
1	.	4207315	40	C	G	0.129	-3.598151e+00	6.034902e+00	-9.123261e+02	4.649033e+01	4.738295e+01	5.517834e-01	5.466288e-01	5.494889e-01
1	.	4207463	49	G	A	0.473	5.285059e+00	5.105251e+00	-9.119672e+02	4.697179e+01	4.749794e+01	3.019705e-01	2.984404e-01	3.015700e-01
1	.	4207553	44	G	A	0.088	7.114552e+00	7.221820e+00	-9.120179e+02	4.728307e+01	4.810754e+01	3.258892e-01	3.222521e-01	3.273639e-01
1	.	5543415	43	T	C	0.058	1.277890e+00	7.244608e+00	-9.124922e+02	4.569848e+01	4.656274e+01	8.601866e-01	8.597412e-01	8.599556e-01
1	.	5543599	52	G	T	0.070	1.225684e+01	7.456139e+00	-9.111607e+02	4.470657e+01	4.533631e+01	1.019705e-01	1.007122e-01	1.043145e-01
1	.	5543668	45	A	G	0.081	7.172383e+00	7.370407e+00	-9.120375e+02	4.489439e+01	4.545038e+01	3.318080e-01	3.321311e-01	3.359229e-01
1	.	5543755	35	C	G	0.303	-3.734689e-01	4.590600e+00	-9.125041e+02	4.622520e+01	4.674513e+01	9.352509e-01	9.313040e-01	9.320200e-01
1	.	5543779	42	G	A	0.123	-9.492494e+00	5.853068e+00	-9.111881e+02	4.726627e+01	4.782717e+01	1.066166e-01	1.042359e-01	1.078269e-01
1	.	5543973	45	A	G	0.133	-9.627506e+00	5.622314e+00	-9.110454e+02	4.843654e+01	4.907413e+01	8.856916e-02	8.722175e-02	9.202910e-02
1	.	5544108	45	T	C	0.052	-1.752308e+01	8.549675e+00	-9.104411e+02	5.023951e+01	5.111259e+01	4.187440e-02	4.204546e-02	4.723930e-02
1	.	5544435	52	A	T	0.070	1.353596e+01	7.328274e+00	-9.108028e+02	4.520486e+01	4.597289e+01	6.639458e-02	6.480504e-02	6.782748e-02
1	.	5545724	22	T	G	0.063	2.831316e+00	7.145639e+00	-9.124310e+02	4.544591e+01	4.607219e+01	6.924100e-01	6.951484e-01	6.970563e-01
1	.	5872652	37	A	G	0.175	1.143940e+01	6.024891e+00	-9.107136e+02	4.868188e+01	4.940020e+01	5.922313e-02	5.818035e-02	6.255152e-02
1	.	5872748	26	C	T	0.104	1.139974e+01	8.342803e+00	-9.116001e+02	5.018323e+01	5.106547e+01	1.735319e-01	1.778685e-01	1.929318e-01
1	.	5872790	32	C	G	0.101	-1.430290e+00	6.635700e+00	-9.124890e+02	4.514059e+01	4.582890e+01	8.295895e-01	8.461893e-01	8.524940e-01
1	.	5872807	28	A	G	0.217	-1.397738e+00	5.938726e+00	-9.124860e+02	4.500043e+01	4.561763e+01	8.142000e-01	8.344812e-01	8.436931e-01
1	.	5872821	30	C	G	0.113	-5.982879e+00	6.371268e+00	-9.121127e+02	4.247072e+01	4.303712e+01	3.489824e-01	3.740420e-01	3.968946e-01
1	.	5872823	25	G	C	0.110	-5.653639e+00	6.339400e+00	-9.121512e+02	4.267057e+01	4.324748e+01	3.736905e-01	3.983829e-01	4.203286e-01
1	.	5872826	25	C	G	0.052	3.614213e+00	7.349745e+00	-9.123874e+02	4.544481e+01	4.626396e+01	6.235043e-01	6.236376e-01	6.247711e-01
1	.	5875604	41	C	T	0.122	-7.240061e-01	5.981956e+00	-9.125028e+02	4.543519e+01	4.616459e+01	9.038025e-01	9.200089e-01	9.237671e-01
1	.	5876143	31	T	C	0.114	9.510851e+00	8.456149e+00	-9.118929e+02	4.961957e+01	5.040769e+01	2.622195e-01	2.674403e-01	2.841655e-01
1	.	5876177	28	T	C	0.105	-1.129825e+01	5.799998e+00	-9.106231e+02	4.900920e+01	4.985935e+01	5.299072e-02	5.219525e-02	5.671564e-02
1	.	5876257	25	A	T	0.206	-2.093706e+00	4.703724e+00	-9.124070e+02	4.625305e+01	4.687003e+01	6.567763e-01	6.533435e-01	6.543287e-01
1	.	5876303	32	T	C	0.115	8.261144e+00	8.686801e+00	-9.120600e+02	4.848758e+01	4.919691e+01	3.428941e-01	3.439641e-01	3.554486e-01
1	.	5876306	36	T	G	0.118	8.172342e+00	8.819581e+00	-9.120811e+02	4.826691e+01	4.893162e+01	3.553819e-01	3.555977e-01	3.655801e-01
1	.	6224917	51	G	A	0.186	3.445948e+00	5.054238e+00	-9.122885e+02	4.417669e+01	4.486832e+01	4.962555e-01	5.077565e-01	5.167958e-01
1	.	6227372	29	T	A	0.278	4.897345e+00	4.759069e+00	-9.119821e+02	4.484932e+01	4.526809e+01	3.048500e-01	3.051629e-01	3.094778e-01
1	.	6227484	32	C	T	0.351	-3.618876e-01	4.379376e+00	-9.125040e+02	4.605816e+01	4.669945e+01	9.342350e-01	9.304778e-01	9.308877e-01
1	.	6773774	25	T	C	0.058	-8.525501e+00	7.360964e+00	-9.118308e+02	4.708862e+01	4.796845e+01	2.483322e-01	2.445677e-01	2.487465e-01
1	.	9425517	51	T	C	0.310	5.504053e+00	4.763224e+00	-9.118339e+02	4.693886e+01	4.771824e+01	2.494217e-01	2.456690e-01	2.492982e-01
1	.	9425593	37	A	C	0.378	-7.811257e+00	4.841282e+00	-9.111996e+02	4.616222e+01	4.702344e+01	1.084141e-01	1.057557e-01	1.088661e-01
1	.	9425656	38	G	A	0.415	-9.474238e+00	5.180902e+00	-9.108637e+02	5.016494e+01	5.109261e+01	6.912042e-02	6.977429e-02	7.705927e-02
1	.	9425787	27	G	C	0.431	-1.757772e+00	5.896020e+00	-9.124622e+02	4.641477e+01	4.694895e+01	7.659527e-01	7.626012e-01	7.638765e-01
1	.	9425830	30	A	C	0.427	-4.971153e+00	5.665911e+00	-9.121221e+02	4.775254e+01	4.836304e+01	3.814634e-01	3.798005e-01	3.865451e-01
1	.	9425884	34	C	T	0.418	-3.902802e+00	5.276104e+00	-9.122301e+02	4.644223e+01	4.718760e+01	4.604487e-01	4.561317e-01	4.582480e-01
1	.	9425984	44	T	C	0.375	-9.052008e+00	5.117773e+00	-9.109429e+02	4.796543e+01	4.883881e+01	7.865001e-02	7.687152e-02	8.114389e-02
1	.	9427892	42	G	C	0.420	-3.640945e+00	5.549174e+00	-9.122905e+02	4.593393e+01	4.655018e+01	5.125917e-01	5.097619e-01	5.108723e-01
1	.	9428092	28	C	A	0.401	-1.232760e+01	5.244694e+00	-9.097567e+02	4.723490e+01	4.792514e+01	1.984392e-02	1.899198e-02	2.115551e-02
1	.	9428097	26	A	C	0.383	3.647742e+00	4.821445e+00	-9.122210e+02	4.557091e+01	4.608574e+01	4.503100e-01	4.488280e-01	4.507448e-01
1	.	9428127	34	A	T	0.281	-8.850564e+00	4.934449e+00	-9.108986e+02	4.793743e+01	4.882006e+01	7.457013e-02	7.281402e-02	7.698033e-02
1	.	9428182	25	A	G	0.058	7.312565e+00	7.154444e+00	-9.119805e+02	4.720932e+01	4.802250e+01	3.081201e-01	3.044278e-01	3.090235e-01
1	.	9428222	30	C	T	0.467	6.558823e+00	4.665732e+00	-9.115136e+02	4.621049e+01	4.680421e+01	1.615434e-01	1.585016e-01	1.614220e-01
1	.	9428256	41	A	C	0.122	2.484373e+00	5.914461e+00	-9.124176e+02	4.631805e+01	4.700674e+01	6.749551e-01	6.709257e-01	6.723333e-01
1	.	9428260	41	C	G	0.468	3.882607e+00	4.859372e+00	-9.121860e+02	4.590767e+01	4.647431e+01	4.253590e-01	4.223966e-01	4.239054e-01
1	.	9428284	42	T	A	0.130	9.885872e-01	5.859073e+00	-9.124933e+02	4.594773e+01	4.663330e+01	8.662025e-01	8.644985e-01	8.647242e-01
1	.	10351415	43	T	A	0.051	-3.741895e+00	8.032082e+00	-9.123974e+02	4.583414e+01	4.676249e+01	6.418791e-01	6.383328e-01	6.391372e-01
1	.	10352510	24	T	C	0.090	-4.699875e+00	5.979358e+00	-9.122039e+02	4.474655e+01	4.552250e+01	4.329028e-01	4.356202e-01	4.393970e-01
1	.	10352557	34	G	A	0.110	4.827661e+00	5.967682e+00	-9.121972e+02	4.384985e+01	4.469510e+01	4.196138e-01	4.305942e-01	4.394302e-01
1	.	10352562	32	T	G	0.101	4.426895e+00	5.905562e+00	-9.122237e+02	4.603233e+01	4.672861e+01	4.544764e-01	4.509225e-01	4.523184e-01
1	.	10352563	36	G	T	0.097	7.432319e+00	6.049024e+00	-9.117469e+02	4.705499e+01	4.778575e+01	2.208135e-01	2.173408e-01	2.211031e-01
1	.	10353529	38	T	G	0.120	7.921664e+00	5.560764e+00	-9.114954e+02	4.476876e+01	4.549861e+01	1.560342e-01	1.547440e-01	1.583367e-01
1	.	10353567	42	A	T	0.109	4.878497e+00	6.265181e+00	-9.122226e+02	4.378478e+01	4.460481e+01	4.372091e-01	4.501207e-01	4.601644e-01
1	.	10353656	40	A	T	0.086	9.106823e+00	7.143739e+00	-9.116988e+02	4.472491e+01	4.528668e+01	2.040423e-01	2.033713e-01	2.073961e-01
1	.	10353657	41	A	T	0.086	9.600807e+00	7.135831e+00	-9.116054e+02	4.478950e+01	4.535374e+01	1.801958e-01	1.791378e-01	1.829840e-01
1	.	10639737	42	G	A	0.051	7.335927e+00	9.048948e+00	-9.121757e+02	4.601914e+01	4.670447e+01	4.186241e-01	4.150792e-01	4.166237e-01
1	.	10639957	46	C	T	0.067	-6.080460e+00	7.418623e+00	-9.121955e+02	4.346770e+01	4.425356e+01	4.135283e-01	4.293199e-01	4.418176e-01
1	.	10640583	41	C	G	0.201	3.511678e+00	4.395711e+00	-9.121862e+02	4.571324e+01	4.647119e+01	4.254204e-01	4.225684e-01	4.240775e-01
1	.	10640661	39	A	G	0.191	-3.300536e+00	4.696120e+00	-9.122596e+02	4.562308e+01	4.634349e+01	4.830848e-01	4.810394e-01	4.824058e-01
1	.	10640663	40	G	A	0.271	-1.617357e+00	4.511347e+00	-9.124421e+02	4.632565e+01	4.691740e+01	7.203876e-01	7.169253e-01	7.180130e-01
1	.	12552903	44	G	A	0.051	2.317593e+00	7.293885e+00	-9.124558e+02	4.585346e+01	4.679210e+01	7.510511e-01	7.471339e-01	7.478163e-01
1	.	12553018	37	C	A	0.126	-2.157504e+00	5.870968e+00	-9.124402e+02	4.570291e+01	4.644218e+01	7.136924e-01	7.131033e-01	7.137094e-01
1	.	12553300	36	C	A	0.097	-1.666575e+00	6.480230e+00	-9.124746e+02	4.574778e+01	4.653732e+01	7.973381e-01	7.966416e-01	7.969783e-01
1	.	12553529	26	T	C	0.052	-1.287694e+00	7.340348e+00	-9.124919e+02	4.575792e+01	4.665557e+01	8.609436e-01	8.585459e-01	8.588106e-01
1	.	12553665	41	T	A	0.101	2.320792e+00	6.542330e+00	-9.124433e+02	4.592416e+01	4.679343e+01	7.232082e-01	7.195140e-01	7.202298e-01
1	.	18459349	34	T	C	0.322	-3.297180e-03	4.246878e+00	-9.125078e+02	4.601069e+01	4.658756e+01	9.993814e-01	9.994727e-01	9.994735e-01
1	.	18459462	35	C	G	0.062	7.766844e+00	6.394390e+00	-9.117906e+02	4.344681e+01	4.448767e+01	2.261145e-01	2.310278e-01	2.376007e-01
1	.	18459680	29	A	G	0.152	1.038231e+00	5.065908e+00	-9.124878e+02	4.567382e+01	4.630075e+01	8.378494e-01	8.415185e-01	8.426354e-01
1	.	18459753	34	A	G	0.123	-1.669961e+00	5.622244e+00	-9.124620e+02	4.645560e+01	4.714539e+01	7.667919e-01	7.620958e-01	7.645761e-01
1	.	18459756	39	T	C	0.482	8.423524e+00	3.859796e+00	-9.101675e+02	4.303973e+01	4.359567e+01	3.039160e-02	3.050621e-02	3.386547e-02
1	.	20038438	31	C	A	0.060	1.318527e+01	6.705636e+00	-9.105871e+02	4.430005e+01	4.508342e+01	5.081923e-02	5.000194e-02	5.318596e-02
1	.	20038905	34	C	T	0.199	-7.192796e+00	6.356628e+00	-9.118931e+02	4.329931e+01	4.399382e+01	2.593489e-01	2.675085e-01	2.770388e-01
1	.	21378444	36	T	C	0.257	-7.885436e+00	5.779130e+00	-9.115705e+02	4.635563e+01	4.694600e+01	1.741429e-01	1.709535e-01	1.738722e-01
1	.	21378491	34	A	T	0.267	-9.714361e+00	6.046843e+00	-9.112116e+02	4.667081e+01	4.715554e+01	1.099327e-01	1.073762e-01	1.105376e-01
1	.	21378494	37	G	T	0.301	1.179413e+00	4.791044e+00	-9.124786e+02	4.566682e+01	4.625534e+01	8.058340e-01	8.089709e-01	8.102295e-01
1	.	21378508	37	A	C	0.329	2.293122e+00	5.371972e+00	-9.124149e+02	4.642552e+01	4.700251e+01	6.699915e-01	6.664047e-01	6.677940e-01
1	.	21378682	26	C	G	0.058	4.953538e+00	8.306445e+00	-9.123272e+02	4.683212e+01	4.747351e+01	5.516999e-01	5.478656e-01	5.511822e-01
1	.	21378792	24	T	C	0.064	5.149789e+00	8.335121e+00	-9.123143e+02	4.682510e+01	4.739148e+01	5.374691e-01	5.338641e-01	5.367340e-01
1	.	21378828	26	T	G	0.117	-9.963249e+00	6.321888e+00	-9.112638e+02	4.538478e+01	4.595384e+01	1.168032e-01	1.147199e-01	1.179110e-01
1	.	21378893	27	A	T	0.065	4.037808e+00	8.275349e+00	-9.123866e+02	4.653978e+01	4.711559e+01	6.261985e-01	6.224826e-01	6.242993e-01
1	.	21379083	27	T	C	0.059	1.064493e+01	8.397815e+00	-9.117015e+02	4.772714e+01	4.836627e+01	2.066024e-01	2.041101e-01	2.091964e-01
1	.	21379086	26	T	C	0.058	1.046149e+01	8.376897e+00	-9.117250e+02	4.770982e+01	4.835219e+01	2.133599e-01	2.108329e-01	2.159367e-01
1	.	21379194	27	T	C	0.098	4.803731e+00	5.725114e+00	-9.121543e+02	4.546626e+01	4.625238e+01	4.025594e-01	4.004522e-01	4.022481e-01
1	.	21379374	32	T	C	0.358	-1.706990e+00	5.081346e+00	-9.124520e+02	4.576060e+01	4.627384e+01	7.373173e-01	7.381888e-01	7.392289e-01
1	.	21379673	27	G	A	0.261	-3.496254e+00	5.931594e+00	-9.123315e+02	4.668830e+01	4.725683e+01	5.563208e-01	5.525988e-01	5.549133e-01
1	.	21379688	27	T	G	0.366	-1.375069e-02	4.892291e+00	-9.125078e+02	4.600444e+01	4.659583e+01	9.977605e-01	9.968730e-01	9.969150e-01
1	.	21379707	26	A	C	0.240	-6.350886e+00	6.357683e+00	-9.120042e+02	4.655173e+01	4.695166e+01	3.191842e-01	3.155902e-01	3.178024e-01
1	.	21379729	24	T	A	0.256	1.124074e+00	6.318261e+00	-9.124916e+02	4.627844e+01	4.670669e+01	8.589969e-01	8.569733e-01	8.573532e-01
1	.	21379757	28	G	A	0.276	-3.014243e+00	5.884313e+00	-9.123765e+02	4.575063e+01	4.623993e+01	6.091106e-01	6.083443e-01	6.095684e-01
1	.	21379787	21	T	C	0.239	-5.559022e+00	5.990059e+00	-9.120734e+02	4.606980e+01	4.658638e+01	3.546429e-01	3.512722e-01	3.531141e-01
1	.	21379799	22	C	T	0.392	-9.933793e-01	4.740822e+00	-9.124859e+02	4.591902e+01	4.649510e+01	8.342684e-01	8.343395e-01	8.346755e-01
1	.	21379958	26	C	T	0.273	-4.597572e+00	5.222385e+00	-9.121175e+02	4.750931e+01	4.828907e+01	3.798521e-01	3.769737e-01	3.832895e-01
1	.	21380169	44	A	T	0.110	-6.328001e+00	6.271845e+00	-9.120102e+02	4.416842e+01	4.483161e+01	3.143664e-01	3.184435e-01	3.246861e-01
1	.	21936542	36	G	A	0.104	-7.939881e+00	6.868676e+00	-9.118519e+02	4.406883e+01	4.468518e+01	2.492487e-01	2.520660e-01	2.582157e-01
1	.	21936549	38	A	G	0.106	-7.152076e+00	6.838396e+00	-9.119727e+02	4.413244e+01	4.476172e+01	2.970390e-01	3.008726e-01	3.072875e-01
1	.	21936571	36	C	A	0.354	2.023141e-01	4.749449e+00	-9.125071e+02	4.606010e+01	4.653350e+01	9.660702e-01	9.688793e-01	9.690859e-01
1	.	21936582	32	A	T	0.108	5.715303e-01	5.833950e+00	-9.125021e+02	4.596851e+01	4.681048e+01	9.220693e-01	9.149517e-01	9.160641e-01
1	.	21936604	38	T	A	0.106	-1.548887e+01	7.478875e+00	-9.103719e+02	4.493100e+01	4.545660e+01	3.980024e-02	3.874788e-02	4.154205e-02
1	.	21936627	30	A	G	0.107	-2.496281e+00	5.923609e+00	-9.124258e+02	4.476540e+01	4.554871e+01	6.739626e-01	6.854628e-01	6.913980e-01
1	.	21936646	25	G	A	0.310	2.412806e+00	4.946767e+00	-9.123880e+02	4.601861e+01	4.644087e+01	6.263242e-01	6.244898e-01	6.252928e-01
1	.	21936671	33	T	C	0.231	4.335310e-01	5.040740e+00	-9.125037e+02	4.615837e+01	4.673762e+01	9.315588e-01	9.274698e-01	9.281053e-01
1	.	21936677	35	T	C	0.324	3.765632e+00	5.074105e+00	-9.122315e+02	4.571993e+01	4.609324e+01	4.589884e-01	4.572330e-01	4.591095e-01
1	.	21936689	35	C	T	0.076	4.359524e+00	6.535569e+00	-9.122810e+02	4.658318e+01	4.747602e+01	5.056067e-01	5.006023e-01	5.037404e-01
1	.	21936713	39	G	A	0.113	6.107458e-01	6.163199e+00	-9.125023e+02	4.602100e+01	4.674636e+01	9.211739e-01	9.163728e-01	9.170092e-01
1	.	21936725	39	C	T	0.071	3.077151e+00	6.933765e+00	-9.124077e+02	4.581719e+01	4.670380e+01	6.577318e-01	6.546089e-01	6.553023e-01
1	.	26335313	36	A	G	0.097	1.296392e+00	6.608222e+00	-9.124886e+02	4.589505e+01	4.653305e+01	8.446941e-01	8.444373e-01	8.447017e-01
1	.	26335326	32	C	G	0.088	8.175278e-01	6.694621e+00	-9.125003e+02	4.592803e+01	4.659258e+01	9.029440e-01	9.021651e-01	9.023062e-01
1	.	26335340	34	G	A	0.226	9.616450e+00	4.417186e+00	-9.101591e+02	4.409846e+01	4.482779e+01	3.079296e-02	3.020608e-02	3.296084e-02
1	.	26337939	45	A	G	0.141	-5.254159e-01	5.375494e+00	-9.125026e+02	4.593253e+01	4.667822e+01	9.222465e-01	9.189498e-01	9.192410e-01
1	.	28023659	48	T	A	0.189	7.468890e+00	5.599320e+00	-9.116178e+02	4.512190e+01	4.568619e+01	1.839433e-01	1.821470e-01	1.854908e-01
1	.	28023891	37	T	G	0.217	8.768661e+00	5.791405e+00	-9.113588e+02	4.556012e+01	4.586708e+01	1.317787e-01	1.295389e-01	1.327816e-01
1	.	28023892	36	T	C	0.208	9.326144e+00	5.800879e+00	-9.112122e+02	4.570429e+01	4.604126e+01	1.096706e-01	1.074541e-01	1.106085e-01
1	.	28024187	35	T	C	0.469	-5.044924e-01	4.029171e+00	-9.124999e+02	4.591597e+01	4.657695e+01	9.004986e-01	9.000503e-01	9.001962e-01
1	.	28024378	38	T	G	0.218	1.108659e+01	5.653775e+00	-9.105844e+02	4.699242e+01	4.734653e+01	5.144879e-02	4.984123e-02	5.273568e-02
1	.	28250077	47	A	T	0.248	-5.049707e+00	4.784545e+00	-9.119542e+02	4.483095e+01	4.538576e+01	2.926635e-01	2.926990e-01	2.966492e-01
1	.	28250282	28	C	T	0.454	1.322335e+00	4.061955e+00	-9.124535e+02	4.655170e+01	4.706827e+01	7.451536e-01	7.417763e-01	7.436341e-01
1	.	28250312	31	G	T	0.148	-2.927687e+00	5.146285e+00	-9.123458e+02	4.561428e+01	4.626320e+01	5.701456e-01	5.691827e-01	5.704208e-01
1	.	29038870	43	T	A	0.153	-2.019979e+00	5.691264e+00	-9.124465e+02	4.545180e+01	4.613767e+01	7.230650e-01	7.260990e-01	7.277456e-01
1	.	29038900	37	A	G	0.168	3.183714e+00	5.803963e+00	-9.123560e+02	4.722108e+01	4.782055e+01	5.840075e-01	5.815707e-01	5.874029e-01
1	.	29039147	37	A	T	0.189	3.301028e+00	5.565784e+00	-9.123297e+02	4.696910e+01	4.751580e+01	5.538717e-01	5.506490e-01	5.541885e-01
1	.	29039154	41	T	C	0.496	2.042023e+00	4.059538e+00	-9.123798e+02	4.603652e+01	4.665313e+01	6.155731e-01	6.128081e-01	6.135767e-01
1	.	29039155	38	C	T	0.183	3.854587e+00	5.494283e+00	-9.122599e+02	4.731463e+01	4.788590e+01	4.838678e-01	4.813206e-01	4.864936e-01
1	.	29119070	33	G	A	0.170	3.038812e+00	4.819624e+00	-9.123093e+02	4.543331e+01	4.615969e+01	5.291708e-01	5.285916e-01	5.301590e-01
1	.	29119510	48	C	G	0.417	-3.006124e+00	4.138620e+00	-9.122410e+02	4.714995e+01	4.785183e+01	4.685727e-01	4.650889e-01	4.699571e-01
1	.	29467677	50	G	A	0.054	3.587847e+00	8.196593e+00	-9.124132e+02	4.527743e+01	4.624882e+01	6.621169e-01	6.635259e-01	6.646593e-01
1	.	29467785	36	C	A	0.146	9.817654e-01	6.175352e+00	-9.124946e+02	4.611525e+01	4.674273e+01	8.738639e-01	8.707438e-01	8.712493e-01
1	.	29467788	36	A	G	0.146	8.974076e-01	6.169861e+00	-9.124967e+02	4.611896e+01	4.674109e+01	8.845200e-01	8.813127e-01	8.818233e-01
1	.	29468181	46	T	C	0.224	1.474467e+00	5.737874e+00	-9.124739e+02	4.595246e+01	4.673479e+01	7.974980e-01	7.944232e-01	7.949181e-01
1	.	29473260	40	C	T	0.107	1.244009e+01	6.687573e+00	-9.107848e+02	4.459080e+01	4.535119e+01	6.450981e-02	6.340175e-02	6.665867e-02
1	.	29482150	33	A	T	0.075	-7.868937e+00	8.055764e+00	-9.120257e+02	4.618129e+01	4.689911e+01	3.299898e-01	3.261213e-01	3.282330e-01
1	.	29482158	29	C	T	0.139	4.954519e+00	6.961374e+00	-9.122516e+02	4.618633e+01	4.677647e+01	4.775726e-01	4.740535e-01	4.753884e-01
1	.	29482191	32	G	A	0.135	1.066711e+00	6.468869e+00	-9.124937e+02	4.595374e+01	4.668795e+01	8.692105e-01	8.665528e-01	8.668774e-01
1	.	29482292	33	A	G	0.122	-6.626962e+00	6.745237e+00	-9.120196e+02	4.668280e+01	4.743952e+01	3.272041e-01	3.230566e-01	3.260348e-01
1	.	29482294	36	T	C	0.076	-1.071961e+01	7.745669e+00	-9.115468e+02	4.779295e+01	4.861232e+01	1.681070e-01	1.656252e-01	1.708497e-01
1	.	29482321	33	T	A	0.129	-3.040225e+00	6.798820e+00	-9.124059e+02	4.618590e+01	4.688588e+01	6.552963e-01	6.515858e-01	6.526160e-01
1	.	29482447	42	C	A	0.101	-9.474023e+00	7.761916e+00	-9.117572e+02	4.621114e+01	4.678153e+01	2.238603e-01	2.204680e-01	2.230787e-01
1	.	29482631	39	C	A	0.142	-3.998472e+00	6.569535e+00	-9.123194e+02	4.648486e+01	4.718838e+01	5.435400e-01	5.392921e-01	5.413426e-01
1	.	29482633	38	A	G	0.141	-4.691883e+00	6.575320e+00	-9.122494e+02	4.655959e+01	4.726166e+01	4.764341e-01	4.721946e-01	4.745127e-01
1	.	29482706	39	G	A	0.135	-2.786862e-01	6.351326e+00	-9.125069e+02	4.577660e+01	4.657909e+01	9.650505e-01	9.654830e-01	9.655352e-01
1	.	29482735	36	T	C	0.104	-8.193664e+00	7.789539e+00	-9.119507e+02	4.589817e+01	4.640005e+01	2.942803e-01	2.911677e-01	2.933853e-01
1	.	29482774	34	T	C	0.110	-7.136327e+00	7.746035e+00	-9.120836e+02	4.533866e+01	4.576190e+01	3.581472e-01	3.569698e-01	3.598791e-01
1	.	29482847	35	T	G	0.090	-9.572010e+00	8.037771e+00	-9.117956e+02	4.559117e+01	4.611955e+01	2.352869e-01	2.326660e-01	2.353782e-01
1	.	29482856	39	A	C	0.099	-9.965735e+00	7.741873e+00	-9.116747e+02	4.582050e+01	4.637065e+01	1.996781e-01	1.967511e-01	1.994944e-01
1	.	29484520	33	T	G	0.299	-5.859102e+00	4.827090e+00	-9.117706e+02	4.519819e+01	4.574527e+01	2.264337e-01	2.246352e-01	2.278035e-01
1	.	29484578	29	T	C	0.311	-6.083294e+00	4.991823e+00	-9.117632e+02	4.541946e+01	4.591226e+01	2.245890e-01	2.223311e-01	2.252878e-01
1	.	29484629	33	T	C	0.054	-3.546739e-01	7.561818e+00	-9.125062e+02	4.582499e+01	4.670615e+01	9.626429e-01	9.548778e-01	9.554746e-01
1	.	29484673	29	T	A	0.146	-4.347674e+00	6.031781e+00	-9.122624e+02	4.411745e+01	4.462333e+01	4.719815e-01	4.835536e-01	4.941570e-01
1	.	29484704	31	G	C	0.148	-2.986282e+00	6.369433e+00	-9.123958e+02	4.633029e+01	4.698293e+01	6.397535e-01	6.359169e-01	6.372443e-01
1	.	29484933	38	T	C	0.085	-8.964108e-01	7.875446e+00	-9.125015e+02	4.581060e+01	4.652819e+01	9.095060e-01	9.105876e-01	9.107841e-01
1	.	29484992	43	A	G	0.139	-3.268752e+00	5.912483e+00	-9.123640e+02	4.456527e+01	4.519745e+01	5.810556e-01	5.917199e-01	5.993260e-01
1	.	29485013	43	G	T	0.234	-1.418379e+00	5.571977e+00	-9.124745e+02	4.598067e+01	4.672923e+01	7.993601e-01	7.963617e-01	7.968436e-01
1	.	29486658	30	A	T	0.180	1.479319e+00	5.179179e+00	-9.124655e+02	4.671138e+01	4.738036e+01	7.754951e-01	7.709854e-01	7.757041e-01
1	.	29486797	18	G	A	0.253	-8.138225e-01	4.590987e+00	-9.124915e+02	4.616824e+01	4.674409e+01	8.595016e-01	8.566554e-01	8.571586e-01
1	.	29486920	26	T	C	0.084	-6.219685e+00	7.250573e+00	-9.121406e+02	4.518029e+01	4.591312e+01	3.921455e-01	3.914221e-01	3.938830e-01
1	.	29972929	44	A	G	0.088	-1.313709e+00	6.687242e+00	-9.124886e+02	4.566226e+01	4.653474e+01	8.444821e-01	8.445084e-01	8.447707e-01
1	.	29973184	34	A	C	0.219	-5.755230e+00	4.700843e+00	-9.117675e+02	4.429746e+01	4.479819e+01	2.224580e-01	2.236702e-01	2.289854e-01
1	.	29973238	33	A	C	0.306	7.414938e+00	4.439833e+00	-9.111911e+02	4.135638e+01	4.190688e+01	9.665831e-02	1.046392e-01	1.161038e-01
1	.	29973278	48	A	T	0.212	-5.024283e+00	5.023641e+00	-9.120205e+02	4.409968e+01	4.464822e+01	3.186063e-01	3.235234e-01	3.306728e-01
1	.	29973865	45	A	T	0.185	-1.994427e+00	5.209964e+00	-9.124395e+02	4.493735e+01	4.578147e+01	7.023172e-01	7.116343e-01	7.156945e-01
1	.	29973883	56	G	T	0.331	1.141729e+01	4.757403e+00	-9.099694e+02	3.673218e+01	3.721342e+01	1.743111e-02	2.424676e-02	3.525458e-02
1	.	29974446	40	T	A	0.093	-6.461923e-01	6.490787e+00	-9.125030e+02	4.573343e+01	4.654044e+01	9.208094e-01	9.220448e-01	9.222053e-01
2	.	627340	32	C	T	0.169	3.669570e+00	4.899764e+00	-9.122276e+02	4.537190e+01	4.602890e+01	4.548892e-01	4.540858e-01	4.561192e-01
2	.	627373	30	C	T	0.060	-1.498351e+01	7.699924e+00	-9.107258e+02	4.054305e+01	4.111420e+01	5.323784e-02	5.904330e-02	6.845522e-02
2	.	627391	36	T	A	0.132	5.900248e+00	4.980130e+00	-9.118190e+02	4.393363e+01	4.481181e+01	2.376927e-01	2.404992e-01	2.460347e-01
2	.	627462	28	T	C	0.059	-1.317338e+01	7.669676e+00	-9.111342e+02	4.071190e+01	4.130248e+01	8.761008e-02	9.742155e-02	1.107434e-01
2	.	627508	38	T	G	0.070	-5.511246e+00	7.515763e+00	-9.122347e+02	4.672794e+01	4.754112e+01	4.643452e-01	4.598308e-01	4.631101e-01
2	.	627518	32	T	C	0.068	-5.278238e+00	7.443601e+00	-9.122522e+02	4.647758e+01	4.729193e+01	4.791918e-01	4.746080e-01	4.769975e-01
2	.	627520	37	A	G	0.070	-5.422345e+00	7.476352e+00	-9.122406e+02	4.645812e+01	4.726528e+01	4.692411e-01	4.647097e-01	4.670219e-01
2	.	627534	27	T	A	0.072	-3.096092e+00	7.111990e+00	-9.124105e+02	4.630975e+01	4.712581e+01	6.638473e-01	6.590369e-01	6.609286e-01
2	.	627717	29	A	G	0.053	-1.638537e+01	8.107058e+00	-9.105649e+02	4.088469e+01	4.149433e+01	4.476506e-02	4.869351e-02	5.609995e-02
2	.	628193	29	T	C	0.126	1.970583e+00	5.250717e+00	-9.124415e+02	4.508773e+01	4.582744e+01	7.078857e-01	7.156197e-01	7.193641e-01
2	.	628268	28	T	C	0.138	2.569575e+00	6.015246e+00	-9.124186e+02	4.542241e+01	4.597333e+01	6.697666e-01	6.726715e-01	6.750382e-01
2	.	628333	37	T	A	0.133	-1.718462e+00	5.991483e+00	-9.124651e+02	4.656768e+01	4.722803e+01	7.745856e-01	7.699994e-01	7.732281e-01
2	.	628380	42	G	C	0.101	-1.502392e+00	6.256454e+00	-9.124776e+02	4.606363e+01	4.688243e+01	8.105021e-01	8.057614e-01	8.068062e-01
2	.	628383	42	G	A	0.109	-3.755564e+00	6.289604e+00	-9.123263e+02	4.685797e+01	4.762799e+01	5.511950e-01	5.468778e-01	5.510531e-01
2	.	628388	38	A	C	0.120	-7.346785e+00	5.928729e+00	-9.117402e+02	4.821804e+01	4.900808e+01	2.169089e-01	2.153386e-01	2.225684e-01
2	.	628401	43	T	C	0.051	2.652128e+01	8.596261e+00	-9.078194e+02	4.577021e+01	4.655127e+01	2.359002e-03	2.197556e-03	2.875169e-03
2	.	629664	39	A	G	0.064	-2.073087e+01	7.197002e+00	-9.084785e+02	4.168742e+01	4.245686e+01	4.458475e-03	4.528608e-03	5.825246e-03
2	.	629707	39	T	A	0.191	3.593467e+00	5.691954e+00	-9.123055e+02	4.668649e+01	4.732076e+01	5.286386e-01	5.246658e-01	5.272001e-01
2	.	629712	38	A	G	0.183	3.857328e+00	5.489657e+00	-9.122573e+02	4.651268e+01	4.719996e+01	4.831895e-01	4.790079e-01	4.811315e-01
2	.	629752	41	A	G	0.115	-5.179974e+00	6.703745e+00	-9.122066e+02	4.725694e+01	4.789050e+01	4.407256e-01	4.376568e-01	4.424783e-01
2	.	629776	41	G	A	0.122	-5.314957e+00	6.595779e+00	-9.121811e+02	4.747650e+01	4.813929e+01	4.214265e-01	4.188930e-01	4.248881e-01
2	.	629806	33	G	C	0.109	-4.344604e+00	6.392592e+00	-9.122732e+02	4.677812e+01	4.751010e+01	4.976209e-01	4.933805e-01	4.966524e-01
2	.	629863	44	G	A	0.125	-5.502945e+00	6.372781e+00	-9.121304e+02	4.681938e+01	4.753694e+01	3.890205e-01	3.849221e-01	3.881176e-01
2	.	629886	38	G	A	0.063	-1.261868e+01	7.845903e+00	-9.112513e+02	4.276817e+01	4.343933e+01	1.095385e-01	1.129068e-01	1.199483e-01
2	.	629896	38	G	C	0.113	-2.629515e+00	6.343749e+00	-9.124202e+02	4.609222e+01	4.680922e+01	6.790034e-01	6.755763e-01	6.763902e-01
2	.	629951	54	G	C	0.063	6.213162e+00	7.518009e+00	-9.121607e+02	4.662635e+01	4.757862e+01	4.096625e-01	4.047585e-01	4.080846e-01
2	.	629976	48	T	A	0.083	4.077464e+00	6.575686e+00	-9.123123e+02	4.606727e+01	4.693709e+01	5.359969e-01	5.317558e-01	5.331249e-01
2	.	630014	52	T	G	0.062	9.180439e-01	8.082925e+00	-9.125009e+02	4.567708e+01	4.665515e+01	9.097002e-01	9.066446e-01	9.068634e-01
2	.	630348	45	T	A	0.067	4.966541e-01	8.598749e+00	-9.125053e+02	4.593733e+01	4.680317e+01	9.540055e-01	9.437680e-01	9.452299e-01
2	.	630379	50	G	A	0.069	3.560213e-01	8.516303e+00	-9.125064e+02	4.586159e+01	4.673530e+01	9.667013e-01	9.570072e-01	9.579251e-01
2	.	7873734	35	A	G	0.069	5.950618e+00	6.416983e+00	-9.120831e+02	4.453303e+01	4.557230e+01	3.550144e-01	3.566848e-01	3.601037e-01
2	.	12618038	45	T	G	0.133	1.374645e+00	5.638157e+00	-9.124787e+02	4.569215e+01	4.639025e+01	8.076580e-01	8.091568e-01	8.097916e-01
2	.	12618039	42	G	T	0.159	4.929465e+00	5.404137e+00	-9.120957e+02	4.485598e+01	4.543761e+01	3.629155e-01	3.639283e-01	3.678079e-01
2	.	12618144	43	T	A	0.109	4.553418e+00	5.678943e+00	-9.121823e+02	4.600171e+01	4.685901e+01	4.237336e-01	4.197234e-01	4.213621e-01
2	.	12620981	35	G	T	0.090	7.197628e+00	5.734139e+00	-9.117283e+02	4.426611e+01	4.506871e+01	2.110429e-01	2.118133e-01	2.163113e-01
2	.	12624752	43	C	G	0.058	-1.645511e+01	7.019473e+00	-9.097797e+02	4.856543e+01	4.946393e+01	2.017082e-02	1.949862e-02	2.206745e-02
2	.	12624873	40	T	C	0.079	-1.114543e+00	6.337430e+00	-9.124921e+02	4.581624e+01	4.660034e+01	8.605986e-01	8.593878e-01	8.595972e-01
2	.	12627406	35	A	T	0.055	-1.226854e+00	9.127514e+00	-9.124994e+02	4.558826e+01	4.645310e+01	8.932281e-01	8.967461e-01	8.971965e-01
2	.	12628741	40	T	C	0.057	1.335952e+01	8.704331e+00	-9.113378e+02	4.899550e+01	4.989679e+01	1.266052e-01	1.260887e-01	1.337323e-01
2	.	12628783	41	T	C	0.065	9.336553e+00	8.269212e+00	-9.118688e+02	4.792873e+01	4.870756e+01	2.603859e-01	2.582712e-01	2.650531e-01
2	.	12629128	47	A	C	0.113	6.847302e+00	6.146872e+00	-9.118819e+02	4.713088e+01	4.789625e+01	2.668029e-01	2.631863e-01	2.672387e-01
2	.	12629305	35	G	A	0.124	-4.004161e+00	6.954936e+00	-9.123424e+02	4.555891e+01	4.613731e+01	5.655253e-01	5.651826e-01	5.667388e-01
2	.	12629308	34	G	C	0.123	-4.291649e+00	6.930440e+00	-9.123162e+02	4.556607e+01	4.613838e+01	5.365459e-01	5.358253e-01	5.374195e-01
2	.	12630940	41	T	C	0.108	-3.212125e+00	5.930433e+00	-9.123612e+02	4.559922e+01	4.624175e+01	5.887479e-01	5.881228e-01	5.893739e-01
2	.	12632121	42	T	C	0.370	1.919589e-01	4.120566e+00	-9.125071e+02	4.583162e+01	4.650737e+01	9.628958e-01	9.691501e-01	9.695515e-01
3	.	15661550	34	T	A	0.075	5.319373e-01	6.279013e+00	-9.125041e+02	4.573499e+01	4.661429e+01	9.325818e-01	9.309033e-01	9.310195e-01
3	.	18132524	38	A	G	0.211	4.583565e+00	6.331483e+00	-9.122490e+02	4.494734e+01	4.574874e+01	4.700577e-01	4.718826e-01	4.748011e-01
3	.	18132547	36	T	C	0.056	3.900901e+00	7.242943e+00	-9.123637e+02	4.536697e+01	4.615588e+01	5.908499e-01	5.913535e-01	5.928360e-01
3	.	18132652	33	G	A	0.197	9.878069e+00	6.656480e+00	-9.114073e+02	4.497190e+01	4.563319e+01	1.395834e-01	1.379221e-01	1.413515e-01
3	.	18132676	39	A	G	0.177	4.670227e+00	6.687931e+00	-9.122626e+02	4.565968e+01	4.637071e+01	4.858967e-01	4.837240e-01	4.850506e-01
3	.	18132677	40	A	G	0.171	5.266430e+00	6.791584e+00	-9.122046e+02	4.582913e+01	4.651649e+01	4.391118e-01	4.361241e-01	4.375539e-01
3	.	18132688	42	G	A	0.159	9.615441e+00	6.651569e+00	-9.114664e+02	4.465830e+01	4.539745e+01	1.500506e-01	1.489602e-01	1.526762e-01
3	.	18132795	45	G	A	0.148	3.387155e+00	6.327500e+00	-9.123626e+02	4.583684e+01	4.668285e+01	5.931058e-01	5.899861e-01	5.908407e-01
3	.	18133016	37	C	G	0.231	-1.503327e+00	4.386217e+00	-9.124487e+02	4.581033e+01	4.652577e+01	7.321994e-01	7.309633e-01	7.314343e-01
3	.	18133615	36	A	G	0.069	-4.733531e+00	6.579873e+00	-9.122451e+02	4.611129e+01	4.698744e+01	4.728407e-01	4.685022e-01	4.701415e-01
3	.	18134016	36	T	A	0.174	8.051676e+00	6.693908e+00	-9.117782e+02	4.632725e+01	4.698677e+01	2.306372e-01	2.270621e-01	2.297416e-01
3	.	18134160	48	G	T	0.242	7.779256e+00	6.152369e+00	-9.117135e+02	4.454739e+01	4.526593e+01	2.077279e-01	2.075133e-01	2.115458e-01
3	.	18134200	41	T	A	0.237	2.574302e+00	6.488452e+00	-9.124328e+02	4.514773e+01	4.582937e+01	6.920261e-01	6.985434e-01	7.020747e-01
3	.	18135187	54	A	T	0.214	8.636475e+00	6.635437e+00	-9.116575e+02	4.544665e+01	4.616491e+01	1.947460e-01	1.922079e-01	1.950682e-01
3	.	18135316	51	A	G	0.132	8.077632e-01	6.356426e+00	-9.125003e+02	4.559679e+01	4.645603e+01	8.990219e-01	9.027094e-01	9.031558e-01
3	.	18135356	43	T	C	0.175	8.701497e+00	6.470929e+00	-9.116034e+02	4.505319e+01	4.574486e+01	1.804312e-01	1.786583e-01	1.819354e-01
3	.	18135386	48	C	A	0.182	1.417632e+01	6.034240e+00	-9.098275e+02	4.179126e+01	4.251017e+01	1.990476e-02	2.059650e-02	2.396246e-02
3	.	18135901	32	C	G	0.216	-3.775033e+00	6.906573e+00	-9.123558e+02	4.657899e+01	4.722488e+01	5.853480e-01	5.813040e-01	5.835280e-01
3	.	18135934	30	T	C	0.200	-6.658023e+00	6.946935e+00	-9.120457e+02	4.751152e+01	4.817407e+01	3.391552e-01	3.363843e-01	3.418063e-01
3	.	18135956	27	A	G	0.203	-5.672270e+00	6.711881e+00	-9.121515e+02	4.802560e+01	4.879869e+01	3.991846e-01	3.985475e-01	4.085280e-01
3	.	18135983	26	C	A	0.208	-2.648756e+00	7.008502e+00	-9.124347e+02	4.656828e+01	4.715230e+01	7.059293e-01	7.021776e-01	7.043578e-01
3	.	18136069	36	T	G	0.215	3.641821e+00	6.765649e+00	-9.123609e+02	4.606937e+01	4.674373e+01	5.910555e-01	5.878130e-01	5.887270e-01
3	.	18136170	36	A	G	0.194	9.940717e+00	6.786072e+00	-9.114286e+02	4.700851e+01	4.767572e+01	1.447202e-01	1.417955e-01	1.453355e-01
3	.	19305320	20	T	G	0.175	-3.977012e+00	5.894020e+00	-9.122795e+02	4.569658e+01	4.615234e+01	5.007077e-01	4.992435e-01	5.008815e-01
3	.	19305437	37	T	G	0.070	-3.570033e-01	6.676659e+00	-9.125061e+02	4.587973e+01	4.665785e+01	9.574171e-01	9.532181e-01	9.534671e-01
3	.	19305599	46	T	C	0.179	-7.455031e-01	6.272180e+00	-9.125009e+02	4.599793e+01	4.652742e+01	9.055213e-01	9.061129e-01	9.063144e-01
3	.	19306496	52	C	T	0.086	5.347694e+00	6.864964e+00	-9.122007e+02	4.598990e+01	4.679301e+01	4.370238e-01	4.332338e-01	4.347517e-01
3	.	19307010	46	G	A	0.052	-7.556950e+00	8.018683e+00	-9.120584e+02	4.665123e+01	4.739689e+01	3.472560e-01	3.431038e-01	3.459123e-01
3	.	19307666	40	C	T	0.164	1.786088e+00	5.911294e+00	-9.124607e+02	4.635237e+01	4.698739e+01	7.628917e-01	7.589269e-01	7.603892e-01
3	.	19307741	42	T	A	0.181	2.917454e-01	6.102665e+00	-9.125065e+02	4.612440e+01	4.663996e+01	9.619243e-01	9.594484e-01	9.596232e-01
3	.	19307808	46	C	T	0.052	1.230090e-02	7.725580e+00	-9.125078e+02	4.574692e+01	4.658791e+01	9.987314e-01	9.982106e-01	9.982132e-01
3	.	19307826	44	A	C	0.176	2.552157e+00	6.139630e+00	-9.124196e+02	4.665525e+01	4.723677e+01	6.781406e-01	6.744509e-01	6.770026e-01
3	.	19307979	23	A	G	0.229	1.776634e+00	4.688468e+00	-9.124375e+02	4.548753e+01	4.613654e+01	7.051863e-01	7.075972e-01	7.091952e-01
3	.	19308646	26	G	A	0.058	2.231123e+00	6.808410e+00	-9.124530e+02	4.576483e+01	4.670371e+01	7.435228e-01	7.405073e-01	7.410189e-01
3	.	19308647	26	T	C	0.214	-4.897299e-02	4.988472e+00	-9.125077e+02	4.600205e+01	4.662085e+01	9.921781e-01	9.868168e-01	9.869798e-01
3	.	19308916	48	A	G	0.083	5.655034e+00	6.815524e+00	-9.121587e+02	4.669056e+01	4.750181e+01	4.078037e-01	4.033620e-01	4.064320e-01
3	.	19309130	51	T	C	0.271	1.190945e+00	4.835382e+00	-9.124800e+02	4.537208e+01	4.605571e+01	8.057353e-01	8.136141e-01	8.164166e-01
3	.	20398954	36	T	C	0.153	-1.109621e+00	5.180958e+00	-9.124844e+02	4.606803e+01	4.666827e+01	8.306574e-01	8.285932e-01	8.289163e-01
3	.	20399169	37	A	T	0.140	-5.057239e+00	5.357554e+00	-9.120584e+02	4.601166e+01	4.659772e+01	3.464769e-01	3.430875e-01	3.449736e-01
3	.	20399177	37	C	T	0.189	-1.995263e+00	5.344464e+00	-9.124462e+02	4.469518e+01	4.540766e+01	7.093451e-01	7.255348e-01	7.340148e-01
3	.	20399377	25	A	C	0.110	-1.940948e+00	5.558724e+00	-9.124484e+02	4.545037e+01	4.616933e+01	7.273733e-01	7.302407e-01	7.317418e-01
3	.	20399414	37	A	G	0.056	-1.398706e+00	7.574892e+00	-9.124899e+02	4.598458e+01	4.677039e+01	8.537136e-01	8.498241e-01	8.504235e-01
3	.	23217578	34	A	G	0.116	-4.810542e+00	7.629965e+00	-9.123174e+02	4.460065e+01	4.519055e+01	5.291891e-01	5.371050e-01	5.438542e-01
3	.	23217814	32	G	A	0.155	5.596139e+00	5.367050e+00	-9.119601e+02	4.594543e+01	4.649631e+01	2.985086e-01	2.952669e-01	2.974284e-01
3	.	23217835	35	C	T	0.255	6.526346e-01	5.020400e+00	-9.124991e+02	4.610060e+01	4.666177e+01	8.967160e-01	8.947140e-01	8.949562e-01
3	.	23217845	32	G	C	0.257	1.493985e+00	4.930726e+00	-9.124605e+02	4.654477e+01	4.714325e+01	7.622476e-01	7.582696e-01	7.606987e-01
3	.	23217853	33	T	G	0.095	-4.417491e+00	7.573685e+00	-9.123519e+02	4.409716e+01	4.492367e+01	5.604509e-01	5.766083e-01	5.867420e-01
3	.	23217884	31	T	C	0.195	-3.077935e+00	4.453073e+00	-9.122698e+02	4.529359e+01	4.601447e+01	4.903444e-01	4.902498e-01	4.922613e-01
3	.	23217898	32	A	G	0.115	-1.529043e+01	7.934715e+00	-9.107025e+02	4.235777e+01	4.277240e+01	5.556847e-02	5.741373e-02	6.331544e-02
3	.	23217918	37	T	C	0.112	-1.307243e+01	7.981041e+00	-9.111856e+02	4.366170e+01	4.419188e+01	1.032018e-01	1.039070e-01	1.090844e-01
3	.	23217947	36	C	T	0.104	-8.633154e+00	6.911261e+00	-9.117515e+02	4.333391e+01	4.412561e+01	2.132529e-01	2.187353e-01	2.265149e-01
3	.	23217997	26	A	G	0.052	-5.779282e+00	7.049837e+00	-9.121671e+02	4.616827e+01	4.703485e+01	4.134405e-01	4.090744e-01	4.109979e-01
3	.	23218058	32	A	G	0.074	-1.130454e+01	7.007070e+00	-9.112245e+02	4.362976e+01	4.451133e+01	1.084498e-01	1.091438e-01	1.138723e-01
3	.	23218059	34	G	T	0.089	-1.188234e+01	7.323884e+00	-9.112061e+02	4.387757e+01	4.467530e+01	1.064854e-01	1.066309e-01	1.110603e-01
3	.	23218230	34	A	T	0.130	-6.856727e+00	6.715362e+00	-9.120075e+02	4.358351e+01	4.418111e+01	3.086160e-01	3.171573e-01	3.270867e-01
4	.	5315586	44	C	T	0.493	-1.378020e-02	4.525213e+00	-9.125078e+02	4.605331e+01	4.658821e+01	9.975737e-01	9.995944e-01	9.995968e-01
4	.	5315630	36	G	A	0.500	-3.065113e+00	4.676452e+00	-9.122905e+02	4.683324e+01	4.727565e+01	5.130335e-01	5.097306e-01	5.120787e-01
4	.	5315651	40	A	T	0.493	4.578829e+00	4.623853e+00	-9.120210e+02	4.836620e+01	4.891899e+01	3.233900e-01	3.237876e-01	3.326646e-01
4	.	5315657	39	G	T	0.177	-4.663445e+00	5.214060e+00	-9.121032e+02	4.670576e+01	4.735042e+01	3.723168e-01	3.683364e-01	3.710079e-01
4	.	5315882	47	T	A	0.286	-1.467214e+00	5.439226e+00	-9.124741e+02	4.542392e+01	4.595677e+01	7.876675e-01	7.949898e-01	7.985168e-01
4	.	5315915	43	A	T	0.263	-4.455321e+00	5.955006e+00	-9.122295e+02	4.529352e+01	4.571580e+01	4.553486e-01	4.555863e-01	4.586163e-01
4	.	5315940	48	G	C	0.273	-7.679413e+00	5.793072e+00	-9.116260e+02	4.556082e+01	4.603167e+01	1.866644e-01	1.841729e-01	1.871561e-01
4	.	5316057	43	T	C	0.277	-4.552323e+00	5.457530e+00	-9.121605e+02	4.529911e+01	4.584088e+01	4.053222e-01	4.046261e-01	4.072369e-01
4	.	5316232	51	G	T	0.279	-6.940708e-01	5.974003e+00	-9.125014e+02	4.602476e+01	4.643691e+01	9.076394e-01	9.098298e-01	9.103934e-01
4	.	5316256	41	T	A	0.259	-7.222689e+00	5.762229e+00	-9.117245e+02	4.489906e+01	4.531422e+01	2.116844e-01	2.106970e-01	2.146622e-01
4	.	5316262	40	G	T	0.057	2.741274e+00	9.612832e+00	-9.124659e+02	4.598850e+01	4.679552e+01	7.758468e-01	7.721751e-01	7.728506e-01
4	.	5316321	47	T	C	0.271	-2.777575e+00	6.152473e+00	-9.124075e+02	4.552188e+01	4.592722e+01	6.522100e-01	6.542865e-01	6.568711e-01
4	.	5316326	43	T	A	0.190	-4.268055e+00	6.329968e+00	-9.122830e+02	4.519502e+01	4.568979e+01	5.010197e-01	5.025281e-01	5.057958e-01
4	.	5316650	42	T	C	0.094	1.349434e+01	6.740610e+00	-9.105343e+02	4.325867e+01	4.409300e+01	4.680899e-02	4.695475e-02	5.072955e-02
4	.	5316686	38	G	A	0.070	-1.560511e+00	7.402736e+00	-9.124850e+02	4.604435e+01	4.669163e+01	8.332830e-01	8.308990e-01	8.312619e-01
4	.	6260532	45	A	G	0.156	-8.997976e+00	5.104673e+00	-9.109505e+02	4.739792e+01	4.818617e+01	7.966829e-02	7.759341e-02	8.125488e-02
4	.	6260653	36	T	C	0.076	1.271909e+00	6.853436e+00	-9.124895e+02	4.600064e+01	4.682810e+01	8.529800e-01	8.481280e-01	8.489978e-01
4	.	6260666	40	C	A	0.057	-8.000687e+00	7.257870e+00	-9.119037e+02	4.469321e+01	4.553457e+01	2.717994e-01	2.716830e-01	2.751822e-01
4	.	6260845	33	C	T	0.061	-1.846742e+00	7.258898e+00	-9.124747e+02	4.587748e+01	4.668666e+01	7.994719e-01	7.968445e-01	7.972409e-01
4	.	6261376	42	A	G	0.275	4.522778e+00	4.147888e+00	-9.119257e+02	4.405973e+01	4.474214e+01	2.770192e-01	2.806082e-01	2.868607e-01
4	.	6261884	39	T	C	0.071	-5.554373e+00	6.799693e+00	-9.121722e+02	4.568945e+01	4.631604e+01	4.151024e-01	4.126372e-01	4.143086e-01
4	.	6262185	46	A	C	0.075	-6.669098e+00	6.754063e+00	-9.120170e+02	4.574726e+01	4.639452e+01	3.247770e-01	3.217845e-01	3.238378e-01
4	.	6262890	41	G	T	0.050	-1.032668e+01	1.167108e+01	-9.121124e+02	4.607035e+01	4.671489e+01	3.774533e-01	3.738781e-01	3.756277e-01
4	.	10784608	33	T	C	0.054	6.367913e+00	1.093756e+01	-9.123364e+02	4.579871e+01	4.663917e+01	5.611647e-01	5.581454e-01	5.590825e-01
4	.	10784627	34	T	C	0.055	1.624667e+00	1.105781e+01	-9.124969e+02	4.587959e+01	4.658446e+01	8.833576e-01	8.826062e-01	8.827770e-01
4	.	10784769	36	A	G	0.056	4.111398e+00	1.069225e+01	-9.124336e+02	4.559554e+01	4.648078e+01	7.010512e-01	7.001149e-01	7.006938e-01
4	.	10784817	37	C	A	0.056	3.607260e+00	1.071496e+01	-9.124510e+02	4.562605e+01	4.649838e+01	7.367725e-01	7.360031e-01	7.364892e-01
4	.	10784874	33	T	C	0.054	4.317460e+00	1.073814e+01	-9.124267e+02	4.560002e+01	4.647202e+01	6.881164e-01	6.871279e-01	6.877449e-01
4	.	10784918	30	A	C	0.067	-1.900327e+01	7.194734e+00	-9.092242e+02	3.914336e+01	3.970346e+01	8.994294e-03	1.038775e-02	1.387492e-02
4	.	10784922	32	T	A	0.054	5.214204e+00	9.798138e+00	-9.123653e+02	4.552374e+01	4.649717e+01	5.952769e-01	5.933681e-01	5.942092e-01
4	.	10785063	26	G	A	0.052	3.631255e+00	1.089833e+01	-9.124519e+02	4.569786e+01	4.654578e+01	7.393802e-01	7.380647e-01	7.385083e-01
4	.	10785176	35	G	A	0.062	-1.104966e-01	6.898833e+00	-9.125077e+02	4.578903e+01	4.658722e+01	9.872390e-01	9.872112e-01	9.872292e-01
4	.	10785230	45	A	T	0.052	5.608882e+00	1.010862e+01	-9.123520e+02	4.562468e+01	4.664458e+01	5.796862e-01	5.766423e-01	5.775194e-01
4	.	10785248	37	T	C	0.056	7.357972e+00	1.001475e+01	-9.122353e+02	4.573849e+01	4.659157e+01	4.634809e-01	4.603284e-01	4.616394e-01
4	.	10785266	33	G	A	0.054	7.652707e+00	1.011380e+01	-9.122189e+02	4.572180e+01	4.656484e+01	4.502539e-01	4.471615e-01	4.485318e-01
4	.	10785298	35	C	T	0.055	1.511091e+01	9.760407e+00	-9.113081e+02	4.813765e+01	4.909332e+01	1.233540e-01	1.213835e-01	1.269404e-01
4	.	10785323	29	A	G	0.053	4.204742e+00	1.081804e+01	-9.124320e+02	4.562764e+01	4.648182e+01	6.979782e-01	6.969673e-01	6.975518e-01
4	.	10785352	22	T	C	0.057	4.355365e+00	1.051789e+01	-9.124217e+02	4.570553e+01	4.647850e+01	6.793057e-01	6.780662e-01	6.786963e-01
4	.	10785353	23	T	C	0.051	4.439799e+00	9.767378e+00	-9.124040e+02	4.551975e+01	4.647869e+01	6.499841e-01	6.486730e-01	6.493738e-01
4	.	10785511	35	A	T	0.069	1.153487e+00	1.032712e+01	-9.125018e+02	4.581943e+01	4.651634e+01	9.111912e-01	9.126597e-01	9.128854e-01
4	.	10785558	39	C	T	0.071	3.054822e+00	1.046725e+01	-9.124654e+02	4.577168e+01	4.643399e+01	7.707444e-01	7.708335e-01	7.713691e-01
4	.	10785599	36	G	C	0.056	6.548517e+00	1.065133e+01	-9.123172e+02	4.564109e+01	4.653381e+01	5.394670e-01	5.369089e-01	5.379216e-01
4	.	10785753	29	T	A	0.113	-1.501465e+01	5.388658e+00	-9.087361e+02	4.171687e+01	4.237546e+01	5.908740e-03	6.022612e-03	7.614522e-03
4	.	10786041	43	T	A	0.066	4.387482e+00	1.046312e+01	-9.124191e+02	4.579503e+01	4.655502e+01	6.754818e-01	6.735710e-01	6.741599e-01
4	.	10786118	42	A	C	0.058	4.876991e+00	1.034635e+01	-9.123944e+02	4.594722e+01	4.685526e+01	6.379515e-01	6.338969e-01	6.348789e-01
4	.	10786122	44	G	A	0.066	-6.583614e+00	8.598730e+00	-9.122100e+02	4.599758e+01	4.702064e+01	4.448989e-01	4.402212e-01	4.420154e-01
4	.	10786131	43	G	T	0.058	6.597588e+00	1.048652e+01	-9.123062e+02	4.615264e+01	4.705042e+01	5.300577e-01	5.254508e-01	5.270912e-01
4	.	10786155	47	A	G	0.068	-1.818377e+00	7.465705e+00	-9.124780e+02	4.557452e+01	4.655056e+01	8.078490e-01	8.071835e-01	8.074922e-01
4	.	10786260	44	G	T	0.191	4.871135e+00	4.391952e+00	-9.118876e+02	4.586114e+01	4.667912e+01	2.688812e-01	2.653805e-01	2.677120e-01
4	.	10786341	29	A	G	0.066	6.358048e+00	9.641077e+00	-9.122884e+02	4.575671e+01	4.654530e+01	5.104432e-01	5.076796e-01	5.087991e-01
4	.	10786381	36	T	C	0.083	-1.672039e+00	6.872267e+00	-9.124787e+02	4.563258e+01	4.641789e+01	8.080514e-01	8.093921e-01	8.099378e-01
4	.	10786405	44	T	C	0.066	5.928529e+00	9.446779e+00	-9.123096e+02	4.561772e+01	4.645914e+01	5.310890e-01	5.288974e-01	5.299779e-01
4	.	10786443	52	A	T	0.062	1.288553e+01	8.543987e+00	-9.113633e+02	4.727349e+01	4.836489e+01	1.332915e-01	1.302978e-01	1.346591e-01
4	.	10786445	52	G	A	0.109	-2.158586e+00	7.344284e+00	-9.124664e+02	4.548893e+01	4.613437e+01	7.691662e-01	7.734372e-01	7.752905e-01
4	.	16666056	43	T	C	0.124	5.898644e-01	5.417454e+00	-9.125028e+02	4.546735e+01	4.641717e+01	9.134186e-01	9.205449e-01	9.212879e-01
4	.	16666598	33	A	T	0.054	1.087716e+01	7.398611e+00	-9.114228e+02	4.555393e+01	4.633902e+01	1.432832e-01	1.407296e-01	1.437234e-01
4	.	16666741	40	T	C	0.071	5.397469e+00	6.444191e+00	-9.121724e+02	4.391898e+01	4.476234e+01	4.033948e-01	4.127377e-01	4.207602e-01
4	.	16666866	35	A	G	0.055	1.085947e+01	7.665230e+00	-9.114975e+02	4.629368e+01	4.701209e+01	1.583130e-01	1.551767e-01	1.581834e-01
4	.	16667168	39	G	C	0.057	1.374773e+01	7.279817e+00	-9.107222e+02	4.582892e+01	4.664825e+01	6.058925e-02	5.878841e-02	6.168255e-02
4	.	16667455	29	A	G	0.086	2.502572e+00	5.871648e+00	-9.124191e+02	4.524895e+01	4.607907e+01	6.704677e-01	6.736487e-01	6.754599e-01
4	.	17028784	29	G	A	0.053	-1.094740e+00	7.662775e+00	-9.124971e+02	4.594283e+01	4.668733e+01	8.865586e-01	8.837058e-01	8.840217e-01
4	.	17028796	32	C	T	0.054	1.210902e+01	7.684683e+00	-9.112598e+02	4.725237e+01	4.819345e+01	1.168625e-01	1.141402e-01	1.182128e-01
4	.	17028960	37	G	C	0.133	-1.432255e+00	6.271921e+00	-9.124824e+02	4.574614e+01	4.636653e+01	8.196286e-01	8.214842e-01	8.222167e-01
4	.	17029135	29	T	G	0.079	-6.014426e+00	6.420174e+00	-9.120647e+02	4.723116e+01	4.801679e+01	3.501301e-01	3.465044e-01	3.512816e-01
4	.	17029169	32	C	A	0.088	7.541030e+00	5.825069e+00	-9.116799e+02	4.411262e+01	4.498386e+01	1.971413e-01	1.981537e-01	2.028023e-01
4	.	17029180	40	C	A	0.393	-1.024774e+01	4.257448e+00	-9.096544e+02	4.336981e+01	4.396003e+01	1.710591e-02	1.689805e-02	1.925733e-02
4	.	17029302	37	T	C	0.252	-1.664922e+00	5.024603e+00	-9.124518e+02	4.623862e+01	4.680497e+01	7.407670e-01	7.377786e-01	7.385032e-01
4	.	17029377	29	A	G	0.106	-9.766217e+00	5.887058e+00	-9.111444e+02	4.401643e+01	4.476179e+01	9.889089e-02	9.867398e-02	1.029301e-01
4	.	17029757	36	C	T	0.278	2.093085e+00	4.440279e+00	-9.123978e+02	4.550333e+01	4.610005e+01	6.379424e-01	6.390482e-01	6.407345e-01
5	.	631557	55	A	C	0.144	-6.601052e+00	5.471992e+00	-9.117825e+02	4.478307e+01	4.558281e+01	2.292895e-01	2.284128e-01	2.318379e-01
5	.	631595	57	G	A	0.073	1.282584e+00	8.103448e+00	-9.124942e+02	4.585579e+01	4.679472e+01	8.744185e-01	8.689807e-01	8.697304e-01
5	.	632212	39	A	G	0.092	-6.341488e+00	5.686463e+00	-9.118792e+02	4.669820e+01	4.755754e+01	2.662723e-01	2.621922e-01	2.654897e-01
5	.	632239	36	A	G	0.062	3.886381e+00	7.856480e+00	-9.123823e+02	4.630363e+01	4.718972e+01	6.214416e-01	6.162857e-01	6.184099e-01
5	.	633284	33	T	A	0.082	-1.645373e+01	7.376437e+00	-9.100792e+02	5.119563e+01	5.188311e+01	2.695820e-02	2.753198e-02	3.213393e-02
5	.	633771	47	G	T	0.105	-2.827719e-01	6.701758e+00	-9.125069e+02	4.594170e+01	4.659483e+01	9.663916e-01	9.656721e-01	9.657232e-01
5	.	633813	53	A	T	0.063	-1.026632e+01	7.992051e+00	-9.116782e+02	4.569904e+01	4.638872e+01	2.006132e-01	1.977061e-01	2.004385e-01
5	.	633906	56	T	A	0.089	-4.753435e+00	7.560910e+00	-9.123140e+02	4.504134e+01	4.563039e+01	5.303608e-01	5.335216e-01	5.372272e-01
5	.	633994	48	G	A	0.053	7.264064e+00	8.424035e+00	-9.121310e+02	4.664337e+01	4.742806e+01	3.896815e-01	3.853342e-01	3.881825e-01
5	.	634013	47	G	T	0.083	-5.964216e+00	7.697280e+00	-9.122095e+02	4.517899e+01	4.573999e+01	4.394580e-01	4.398354e-01	4.427789e-01
5	.	634042	47	T	C	0.158	-1.535604e+00	5.699734e+00	-9.124734e+02	4.545813e+01	4.613853e+01	7.879210e-01	7.930877e-01	7.950344e-01
5	.	634133	40	T	G	0.079	-9.331685e+00	7.692312e+00	-9.117661e+02	4.682535e+01	4.739510e+01	2.266920e-01	2.232282e-01	2.263347e-01
5	.	634201	37	T	C	0.070	-3.802169e+00	8.036767e+00	-9.123981e+02	4.537323e+01	4.590963e+01	6.367237e-01	6.393984e-01	6.420268e-01
5	.	634238	40	G	A	0.150	3.058108e+00	5.452556e+00	-9.123472e+02	4.682201e+01	4.766510e+01	5.755999e-01	5.708796e-01	5.754138e-01
5	.	634332	56	G	A	0.056	4.156744e+00	8.774475e+00	-9.123938e+02	4.710962e+01	4.783094e+01	6.362720e-01	6.330364e-01	6.397053e-01
5	.	634333	58	T	G	0.066	-8.474618e+00	8.448431e+00	-9.120110e+02	4.455948e+01	4.520396e+01	3.171745e-01	3.188562e-01	3.235948e-01
5	.	634345	49	T	C	0.076	-5.919277e+00	8.040601e+00	-9.122354e+02	4.566979e+01	4.629445e+01	4.625942e-01	4.604778e-01	4.619867e-01
5	.	634346	49	T	C	0.061	2.875760e+00	8.446402e+00	-9.124481e+02	4.675504e+01	4.743571e+01	7.339029e-01	7.296441e-01	7.341995e-01
5	.	634350	48	T	C	0.068	-1.320781e-01	8.107065e+00	-9.125077e+02	4.587327e+01	4.658133e+01	9.870199e-01	9.882405e-01	9.882628e-01
5	.	634365	51	A	T	0.078	9.262623e+00	7.423028e+00	-9.117236e+02	4.732746e+01	4.817239e+01	2.137351e-01	2.104379e-01	2.149759e-01
5	.	634387	50	T	C	0.100	-2.890055e+00	7.249885e+00	-9.124273e+02	4.603859e+01	4.666068e+01	6.906402e-01	6.881416e-01	6.887160e-01
5	.	634449	52	T	G	0.086	4.224833e+00	7.458284e+00	-9.123447e+02	4.621932e+01	4.692182e+01	5.717935e-01	5.679402e-01	5.691947e-01
5	.	634499	61	C	T	0.092	-7.882812e+00	7.904823e+00	-9.120060e+02	4.629271e+01	4.679092e+01	3.200136e-01	3.164172e-01	3.185039e-01
5	.	634676	54	T	C	0.087	2.916178e+00	7.523482e+00	-9.124309e+02	4.671299e+01	4.734469e+01	6.987676e-01	6.948569e-01	6.982425e-01
5	.	634720	40	T	A	0.107	-1.635936e+00	6.405446e+00	-9.124747e+02	4.591500e+01	4.661864e+01	7.987109e-01	7.969807e-01	7.973040e-01
5	.	634724	35	G	A	0.083	4.417601e+00	6.894955e+00	-9.122994e+02	4.606599e+01	4.688964e+01	5.225413e-01	5.185035e-01	5.198260e-01
5	.	1038617	39	G	A	0.191	-2.685335e+00	4.925950e+00	-9.123586e+02	4.565753e+01	4.638529e+01	5.863393e-01	5.848754e-01	5.858572e-01
5	.	1038803	29	C	T	0.099	7.905185e+00	5.691395e+00	-9.115794e+02	4.275716e+01	4.352342e+01	1.665767e-01	1.729846e-01	1.819699e-01
5	.	1039264	39	T	G	0.220	-5.795336e+00	4.828102e+00	-9.117813e+02	4.692690e+01	4.761983e+01	2.316046e-01	2.280408e-01	2.314830e-01
5	.	1039301	37	G	A	0.056	6.578392e+00	9.325028e+00	-9.122554e+02	4.599548e+01	4.687872e+01	4.814490e-01	4.773857e-01	4.788206e-01
5	.	1039625	27	T	G	0.059	-1.812894e+00	6.825541e+00	-9.124720e+02	4.581435e+01	4.661750e+01	7.908513e-01	7.890259e-01	7.893633e-01
5	.	1040617	49	T	G	0.206	-1.207214e+01	5.224869e+00	-9.098490e+02	4.581918e+01	4.636789e+01	2.200648e-02	2.111160e-02	2.325406e-02
5	.	3914912	30	T	G	0.067	-1.834586e+00	8.388664e+00	-9.124828e+02	4.577092e+01	4.675748e+01	8.271356e-01	8.230059e-01	8.235486e-01
5	.	3915031	28	T	C	0.079	-9.026821e+00	6.417856e+00	-9.115322e+02	4.393204e+01	4.458634e+01	1.613142e-01	1.624525e-01	1.678543e-01
5	.	3915071	34	T	G	0.192	6.264800e+00	4.774857e+00	-9.116499e+02	4.475823e+01	4.540833e+01	1.911964e-01	1.902394e-01	1.939676e-01
5	.	3915862	38	G	A	0.099	-3.375229e+00	6.781194e+00	-9.123809e+02	4.689055e+01	4.777010e+01	6.192861e-01	6.143759e-01	6.202330e-01
5	.	3915863	38	A	T	0.077	-1.589848e+01	6.239287e+00	-9.094305e+02	3.973212e+01	4.034425e+01	1.167556e-02	1.310750e-02	1.699131e-02
5	.	3915900	41	A	G	0.345	5.465078e+00	4.334613e+00	-9.117583e+02	4.242314e+01	4.303613e+01	2.090312e-01	2.208240e-01	2.346022e-01
5	.	3915927	38	T	A	0.197	-9.393753e-01	5.372174e+00	-9.124928e+02	4.586340e+01	4.646746e+01	8.613888e-01	8.624541e-01	8.628354e-01
5	.	5256278	48	G	A	0.220	2.135335e-01	4.945130e+00	-9.125064e+02	4.602921e+01	4.672960e+01	9.656060e-01	9.580589e-01	9.589307e-01
5	.	5455240	52	G	A	0.141	5.529032e+00	5.972721e+00	-9.120769e+02	4.769341e+01	4.858188e+01	3.558479e-01	3.532114e-01	3.607889e-01
5	.	5455585	50	A	T	0.062	1.711725e+01	8.122356e+00	-9.102987e+02	4.855166e+01	4.925232e+01	3.648151e-02	3.555805e-02	3.895889e-02
5	.	5455698	48	C	A	0.182	3.840639e+00	6.990451e+00	-9.123528e+02	4.685969e+01	4.788815e+01	5.834112e-01	5.776024e-01	5.839671e-01
5	.	5455780	41	T	C	0.209	3.424626e-01	7.559335e+00	-9.125067e+02	4.572771e+01	4.661008e+01	9.639164e-01	9.618232e-01	9.619002e-01
5	.	5455782	34	G	C	0.226	4.228870e+00	8.169618e+00	-9.123709e+02	4.639842e+01	4.718021e+01	6.053565e-01	6.007260e-01	6.027883e-01
5	.	5455822	23	A	G	0.210	-9.599920e-01	8.266499e+00	-9.125016e+02	4.563579e+01	4.645934e+01	9.076801e-01	9.115613e-01	9.120087e-01
5	.	5455874	25	C	T	0.206	-1.270048e+00	8.077088e+00	-9.124958e+02	4.566417e+01	4.649588e+01	8.752333e-01	8.766351e-01	8.769322e-01
5	.	5455932	20	T	C	0.225	6.951245e+00	9.151701e+00	-9.122183e+02	4.763372e+01	4.833123e+01	4.485238e-01	4.466919e-01	4.542722e-01
5	.	5456003	15	T	A	0.212	-4.884035e+00	8.971414e+00	-9.123576e+02	4.604489e+01	4.673569e+01	5.868478e-01	5.836119e-01	5.845296e-01
5	.	5456195	37	G	A	0.224	-6.096319e+00	7.822111e+00	-9.122000e+02	4.609493e+01	4.692135e+01	4.367967e-01	4.326859e-01	4.343469e-01
5	.	5456225	39	T	C	0.220	4.594513e+00	7.741654e+00	-9.123295e+02	4.589415e+01	4.668996e+01	5.536137e-01	5.503551e-01	5.513432e-01
5	.	5456241	38	G	T	0.232	-3.037809e+00	7.909758e+00	-9.124322e+02	4.602069e+01	4.686989e+01	7.013935e-01	6.973096e-01	6.982476e-01
5	.	5456593	39	T	G	0.199	2.032088e+00	6.921793e+00	-9.124637e+02	4.564505e+01	4.669362e+01	7.694222e-01	7.663379e-01	7.667914e-01
5	.	5456634	35	A	T	0.200	-2.852722e+00	7.552456e+00	-9.124364e+02	4.553414e+01	4.645236e+01	7.060878e-01	7.055778e-01	7.061823e-01
5	.	5456654	34	T	A	0.199	-6.780845e+00	7.596063e+00	-9.121052e+02	4.577584e+01	4.670467e+01	3.732344e-01	3.695599e-01	3.713276e-01
5	.	5456659	34	C	T	0.192	-3.147816e-01	7.387904e+00	-9.125070e+02	4.563356e+01	4.657187e+01	9.660620e-01	9.674540e-01	9.675130e-01
5	.	5456713	40	T	C	0.186	6.709437e+00	6.820644e+00	-9.120220e+02	4.799233e+01	4.912726e+01	3.266004e-01	3.242490e-01	3.345475e-01
5	.	5456754	44	A	C	0.162	-3.349700e+00	6.440620e+00	-9.123736e+02	4.516607e+01	4.624511e+01	6.036473e-01	6.043307e-01	6.055439e-01
5	.	5456767	51	A	G	0.116	5.568977e+00	5.997371e+00	-9.120687e+02	4.645997e+01	4.771042e+01	3.543696e-01	3.487109e-01	3.524192e-01
5	.	5456890	45	T	C	0.059	1.226513e+01	7.798235e+00	-9.112641e+02	4.683308e+01	4.761468e+01	1.175390e-01	1.147632e-01	1.182252e-01
5	.	5456911	46	G	T	0.142	1.985429e+00	6.446652e+00	-9.124580e+02	4.585981e+01	4.696459e+01	7.584589e-01	7.522365e-01	7.535681e-01
5	.	5457125	51	C	T	0.217	4.161064e+00	7.249849e+00	-9.123391e+02	4.644403e+01	4.737227e+01	5.667249e-01	5.613486e-01	5.641988e-01
5	.	5457532	39	G	C	0.248	7.632465e+00	5.696963e+00	-9.116049e+02	4.568945e+01	4.655994e+01	1.820369e-01	1.790014e-01	1.818007e-01
5	.	5457533	42	C	T	0.232	4.003320e+00	5.605608e+00	-9.122510e+02	4.556086e+01	4.645418e+01	4.760616e-01	4.735485e-01	4.748454e-01
5	.	5457632	35	T	C	0.228	4.258659e+00	8.364598e+00	-9.123768e+02	4.582197e+01	4.659211e+01	6.112924e-01	6.087510e-01	6.095156e-01
5	.	5457669	41	T	A	0.237	4.008645e-01	8.201727e+00	-9.125066e+02	4.583075e+01	4.659725e+01	9.610732e-01	9.601361e-01	9.601964e-01
5	.	5457677	36	G	C	0.229	1.374433e-01	8.362808e+00	-9.125077e+02	4.590191e+01	4.659490e+01	9.869057e-01	9.855798e-01	9.856066e-01
5	.	5457748	45	C	T	0.156	-5.892087e+00	6.119078e+00	-9.120386e+02	4.570532e+01	4.687757e+01	3.369019e-01	3.326746e-01	3.347350e-01
5	.	5457757	47	T	C	0.173	-2.517953e-01	5.753098e+00	-9.125072e+02	4.584554e+01	4.651369e+01	9.651393e-01	9.711987e-01	9.715648e-01
5	.	5457773	35	G	T	0.055	1.959110e+01	8.090177e+00	-9.096113e+02	4.949471e+01	5.022396e+01	1.645643e-02	1.608916e-02	1.870403e-02
5	.	5457778	40	C	T	0.171	-8.907734e+00	6.788953e+00	-9.116387e+02	4.683104e+01	4.789740e+01	1.911785e-01	1.873533e-01	1.912752e-01
5	.	5457798	32	T	C	0.169	-7.372436e+00	7.267304e+00	-9.119877e+02	4.588446e+01	4.685046e+01	3.117372e-01	3.077894e-01	3.099578e-01
5	.	5457799	32	T	C	0.176	-8.753969e+00	7.420326e+00	-9.118044e+02	4.637834e+01	4.735337e+01	2.396826e-01	2.355834e-01	2.386010e-01
5	.	5457830	38	A	C	0.204	6.814776e-01	7.514607e+00	-9.125037e+02	4.566310e+01	4.658225e+01	9.278432e-01	9.275552e-01	9.276589e-01
5	.	5457882	31	T	C	0.208	2.147698e+00	8.013593e+00	-9.124707e+02	4.593397e+01	4.679193e+01	7.890044e-01	7.851464e-01	7.858061e-01
5	.	5457905	33	T	G	0.204	2.588628e+00	7.748891e+00	-9.124496e+02	4.629737e+01	4.717002e+01	7.387243e-01	7.328969e-01	7.353567e-01
5	.	5457936	30	T	C	0.213	1.275999e+01	7.661935e+00	-9.111199e+02	4.809170e+01	4.905766e+01	9.759704e-02	9.570269e-02	1.007052e-01
5	.	5457985	46	A	G	0.187	2.542511e-01	7.045428e+00	-9.125073e+02	4.557939e+01	4.656989e+01	9.712531e-01	9.733837e-01	9.734416e-01
5	.	5458000	43	G	T	0.197	2.148625e+00	7.296498e+00	-9.124640e+02	4.561708e+01	4.657788e+01	7.687393e-01	7.672802e-01	7.676533e-01
5	.	5458004	45	A	G	0.207	7.962797e+00	7.066250e+00	-9.118653e+02	4.653990e+01	4.754219e+01	2.613112e-01	2.569675e-01	2.602531e-01
5	.	5458537	47	T	G	0.226	-4.592667e+00	7.450944e+00	-9.123134e+02	4.669731e+01	4.769083e+01	5.384264e-01	5.328797e-01	5.372705e-01
5	.	5458538	49	T	C	0.229	-3.257059e+00	7.521560e+00	-9.124109e+02	4.626301e+01	4.720788e+01	6.655174e-01	6.598193e-01	6.621327e-01
5	.	5458615	42	A	C	0.210	3.621365e+00	7.523060e+00	-9.123901e+02	4.577952e+01	4.672259e+01	6.308458e-01	6.274692e-01	6.282517e-01
5	.	5458652	41	A	G	0.201	-1.224517e+01	7.643548e+00	-9.112409e+02	4.963096e+01	5.069664e+01	1.109228e-01	1.114259e-01	1.204033e-01
5	.	5458660	39	G	A	0.199	-1.082875e+01	7.569072e+00	-9.114944e+02	4.923568e+01	5.032580e+01	1.542816e-01	1.545475e-01	1.645347e-01
5	.	5458688	39	T	G	0.206	1.396820e+00	7.660129e+00	-9.124923e+02	4.546541e+01	4.636849e+01	8.555161e-01	8.599756e-01	8.607687e-01
5	.	5458697	42	C	T	0.196	-6.712816e+00	7.411330e+00	-9.120914e+02	4.641844e+01	4.741661e+01	3.662923e-01	3.614333e-01	3.642820e-01
5	.	5458701	44	T	C	0.169	-5.637263e+00	6.637697e+00	-9.121409e+02	4.640910e+01	4.746823e+01	3.968663e-01	3.916687e-01	3.946375e-01
5	.	5458702	44	C	A	0.169	-5.562141e+00	6.628700e+00	-9.121499e+02	4.621401e+01	4.726708e+01	4.025388e-01	3.975123e-01	3.999331e-01
5	.	5458734	38	A	G	0.197	-5.226449e+00	7.499226e+00	-9.122606e+02	4.615181e+01	4.711118e+01	4.867547e-01	4.819593e-01	4.838275e-01
5	.	5458742	38	A	G	0.197	1.669005e+00	7.475464e+00	-9.124837e+02	4.549489e+01	4.639868e+01	8.235858e-01	8.260511e-01	8.266629e-01
5	.	5459005	46	G	A	0.231	-8.554956e-01	7.536738e+00	-9.125012e+02	4.566643e+01	4.660081e+01	9.097541e-01	9.086807e-01	9.088150e-01
5	.	5459031	43	G	A	0.051	1.966794e+01	8.788152e+00	-9.100387e+02	4.997759e+01	5.070641e+01	2.646048e-02	2.626829e-02	3.001365e-02
5	.	5659017	41	C	A	0.079	-4.557384e+00	5.921278e+00	-9.122095e+02	4.561687e+01	4.643313e+01	4.425205e-01	4.398961e-01	4.413490e-01
5	.	6582289	47	A	T	0.105	2.718041e+00	5.787629e+00	-9.124092e+02	4.431906e+01	4.514871e+01	6.391946e-01	6.570072e-01	6.668480e-01
5	.	6582619	36	G	A	0.062	-1.357301e+00	7.292324e+00	-9.124916e+02	4.556252e+01	4.633992e+01	8.525569e-01	8.569174e-01	8.578601e-01
5	.	9307778	32	C	T	0.196	2.764012e+00	5.035583e+00	-9.123557e+02	4.593749e+01	4.657327e+01	5.837646e-01	5.811921e-01	5.820440e-01
5	.	9307802	25	T	C	0.116	-1.438464e+00	6.791800e+00	-9.124838e+02	4.620048e+01	4.700105e+01	8.325099e-01	8.265728e-01	8.284788e-01
5	.	9311912	48	A	G	0.371	-2.456718e+00	4.608949e+00	-9.123661e+02	4.560963e+01	4.615544e+01	5.946762e-01	5.944859e-01	5.959603e-01
5	.	9312001	34	T	C	0.089	-1.439197e+00	8.602001e+00	-9.124933e+02	4.602727e+01	4.669320e+01	8.673164e-01	8.647166e-01	8.650571e-01
5	.	9312060	41	G	A	0.050	-9.437390e-03	8.586755e+00	-9.125078e+02	4.566549e+01	4.658764e+01	9.991243e-01	9.989393e-01	9.989408e-01
5	.	9312220	32	T	C	0.088	-8.029881e+00	8.377690e+00	-9.120438e+02	4.702927e+01	4.770055e+01	3.391188e-01	3.353820e-01	3.390701e-01
5	.	9312263	38	C	G	0.056	6.188155e+00	8.625411e+00	-9.122487e+02	4.554876e+01	4.646156e+01	4.740474e-01	4.715764e-01	4.728753e-01
5	.	9312333	42	C	T	0.341	1.924666e-01	4.495419e+00	-9.125071e+02	4.595677e+01	4.654064e+01	9.658978e-01	9.688671e-01	9.690337e-01
5	.	9312793	45	A	C	0.104	-3.248750e+00	7.922934e+00	-9.124219e+02	4.628724e+01	4.694812e+01	6.822669e-01	6.784542e-01	6.796587e-01
5	.	9313008	50	T	C	0.085	4.789676e+00	6.632832e+00	-9.122434e+02	4.617539e+01	4.693671e+01	4.711706e-01	4.671220e-01	4.686817e-01
5	.	9313090	59	C	T	0.066	3.006956e+00	8.320300e+00	-9.124434e+02	4.537338e+01	4.632802e+01	7.182291e-01	7.196383e-01	7.204957e-01
5	.	9313138	52	G	A	0.188	-2.044881e+00	5.626884e+00	-9.124426e+02	4.569791e+01	4.617893e+01	7.167279e-01	7.180438e-01	7.194754e-01
5	.	9313150	51	A	G	0.093	-4.802913e+00	6.570700e+00	-9.122377e+02	4.739954e+01	4.832818e+01	4.657652e-01	4.623295e-01	4.700672e-01
5	.	9313249	42	C	T	0.051	1.842973e+00	9.031425e+00	-9.124883e+02	4.539679e+01	4.634119e+01	8.385380e-01	8.432329e-01	8.441232e-01
5	.	9313330	44	A	G	0.059	7.573152e+00	8.782263e+00	-9.121377e+02	4.499659e+01	4.586218e+01	3.896698e-01	3.895610e-01	3.921347e-01
5	.	9313413	44	T	G	0.066	1.087489e+01	8.906837e+00	-9.117581e+02	4.559293e+01	4.641340e+01	2.237159e-01	2.207627e-01	2.233649e-01
5	.	9313434	47	C	A	0.075	8.062478e+00	9.087700e+00	-9.121119e+02	4.560554e+01	4.633780e+01	3.761761e-01	3.735703e-01	3.753970e-01
5	.	9313446	50	A	C	0.077	8.062120e+00	9.084545e+00	-9.121119e+02	4.556595e+01	4.629746e+01	3.760319e-01	3.735614e-01	3.754238e-01
5	.	9313481	52	A	C	0.133	-7.693103e+00	5.855640e+00	-9.116398e+02	4.575422e+01	4.647112e+01	1.906063e-01	1.876384e-01	1.904032e-01
5	.	9313525	48	A	C	0.061	6.448198e+00	9.024928e+00	-9.122540e+02	4.511808e+01	4.599344e+01	4.758617e-01	4.761912e-01	4.782692e-01
5	.	9313564	44	T	G	0.081	-2.440802e+00	8.431693e+00	-9.124644e+02	4.612605e+01	4.689225e+01	7.725514e-01	7.683224e-01	7.693497e-01
5	.	9313646	34	A	G	0.178	-2.098078e+00	5.373506e+00	-9.124329e+02	4.543059e+01	4.619529e+01	6.966717e-01	6.986830e-01	7.000110e-01
5	.	9313683	35	C	A	0.062	-2.131648e+00	7.229191e+00	-9.124616e+02	4.629812e+01	4.727197e+01	7.684393e-01	7.610735e-01	7.645642e-01
5	.	9313837	32	T	C	0.182	-1.803909e+00	5.366746e+00	-9.124504e+02	4.623256e+01	4.671077e+01	7.371709e-01	7.347724e-01	7.353044e-01
5	.	9314048	37	G	T	0.084	-9.649769e+00	8.063819e+00	-9.117949e+02	4.852898e+01	4.936560e+01	2.330248e-01	2.324404e-01	2.416239e-01
5	.	9314095	36	C	A	0.090	-1.081286e+01	8.395664e+00	-9.116838e+02	4.872476e+01	4.943655e+01	1.994491e-01	1.992297e-01	2.078111e-01
5	.	15405177	54	A	G	0.087	9.346222e+00	7.300186e+00	-9.116830e+02	4.587309e+01	4.655049e+01	2.021155e-01	1.990085e-01	2.017054e-01
5	.	15405327	45	G	T	0.081	4.858041e+00	7.020769e+00	-9.122699e+02	4.516907e+01	4.597779e+01	4.898686e-01	4.903000e-01	4.924187e-01
5	.	15405546	20	T	C	0.062	-1.273326e-01	8.924482e+00	-9.125076e+02	4.584234e+01	4.661148e+01	9.886323e-01	9.844517e-01	9.845375e-01
5	.	15405608	20	A	T	0.056	1.588243e+00	8.660677e+00	-9.124914e+02	4.561952e+01	4.647612e+01	8.547042e-01	8.561647e-01	8.565247e-01
5	.	15405651	23	C	T	0.057	-2.185351e+00	8.499077e+00	-9.124734e+02	4.593078e+01	4.681715e+01	7.973769e-01	7.931095e-01	7.938549e-01
5	.	15405681	25	A	C	0.090	-8.001158e+00	6.269348e+00	-9.117945e+02	4.069277e+01	4.129897e+01	2.035353e-01	2.323245e-01	2.616072e-01
5	.	15405781	39	T	G	0.319	-6.554296e-01	4.347008e+00	-9.124968e+02	4.592577e+01	4.643423e+01	8.803222e-01	8.821199e-01	8.826352e-01
5	.	15405885	42	T	C	0.101	-5.293024e+00	6.099093e+00	-9.121269e+02	4.600160e+01	4.682544e+01	3.866516e-01	3.827673e-01	3.845400e-01
5	.	15405989	51	C	G	0.062	-4.602921e+00	8.183214e+00	-9.123451e+02	4.644441e+01	4.749254e+01	5.744945e-01	5.683379e-01	5.718529e-01
5	.	15406004	46	A	G	0.082	-8.333375e+00	6.374138e+00	-9.116486e+02	4.565098e+01	4.640600e+01	1.927723e-01	1.898839e-01	1.926514e-01
5	.	15406121	26	A	G	0.091	-4.416369e+00	6.217921e+00	-9.122953e+02	4.275693e+01	4.345192e+01	4.784696e-01	5.144347e-01	5.417181e-01
5	.	15406347	31	T	G	0.067	-2.818464e+00	8.775903e+00	-9.124544e+02	4.627142e+01	4.702579e+01	7.484664e-01	7.437732e-01	7.454051e-01
5	.	15406369	41	T	G	0.086	-1.996422e+00	6.396890e+00	-9.124589e+02	4.570046e+01	4.651244e+01	7.553355e-01	7.545508e-01	7.549865e-01
5	.	15406411	38	A	T	0.268	-6.139874e+00	4.414034e+00	-9.115373e+02	4.772686e+01	4.833518e+01	1.659649e-01	1.635641e-01	1.681899e-01
5	.	15407169	30	T	G	0.280	-6.870636e+00	4.563174e+00	-9.114021e+02	4.319006e+01	4.363561e+01	1.339243e-01	1.369952e-01	1.446026e-01
5	.	15407243	41	A	T	0.058	9.151765e+00	9.016431e+00	-9.119899e+02	4.540220e+01	4.634612e+01	3.114789e-01	3.087885e-01	3.109370e-01
5	.	16492908	39	A	G	0.092	-2.670763e+00	7.170850e+00	-9.124414e+02	4.520788e+01	4.599190e+01	7.100030e-01	7.154299e-01	7.178998e-01
5	.	16493026	49	G	C	0.053	-1.268433e+01	8.097192e+00	-9.112809e+02	4.503623e+01	4.574844e+01	1.190054e-01	1.172379e-01	1.205566e-01
5	.	16493030	48	A	G	0.061	-6.090621e+00	7.584173e+00	-9.121951e+02	4.436007e+01	4.508267e+01	4.230054e-01	4.290035e-01	4.351282e-01
5	.	16493073	34	T	C	0.116	-1.601363e+00	6.369753e+00	-9.124762e+02	4.592261e+01	4.649802e+01	8.017940e-01	8.013837e-01	8.017585e-01
5	.	16493206	33	T	C	0.231	-3.390596e+00	5.343385e+00	-9.123060e+02	4.568121e+01	4.620195e+01	5.265425e-01	5.252131e-01	5.266840e-01
5	.	16493761	48	T	A	0.250	-2.752267e+00	4.968809e+00	-9.123535e+02	4.577417e+01	4.641943e+01	5.803365e-01	5.785123e-01	5.794685e-01
5	.	16493912	37	G	A	0.084	2.911562e+00	6.347485e+00	-9.124035e+02	4.527233e+01	4.627948e+01	6.470125e-01	6.478878e-01	6.489474e-01
5	.	16495097	34	T	C	0.096	3.509425e+00	6.424384e+00	-9.123570e+02	4.582760e+01	4.661159e+01	5.855669e-01	5.828177e-01	5.836656e-01
5	.	16495930	49	T	C	0.229	-7.073980e+00	5.139354e+00	-9.115603e+02	4.507667e+01	4.569318e+01	1.704164e-01	1.686341e-01	1.719953e-01
5	.	16495940	47	A	G	0.075	-1.396006e+01	7.049730e+00	-9.106095e+02	4.196738e+01	4.266143e+01	4.921899e-02	5.135538e-02	5.705382e-02
5	.	16496351	34	G	C	0.212	-1.105089e+00	5.325413e+00	-9.124855e+02	4.635860e+01	4.687183e+01	8.358470e-01	8.325943e-01	8.336528e-01
5	.	16499258	16	A	G	0.238	-1.388227e+00	4.759294e+00	-9.124646e+02	4.604167e+01	4.664815e+01	7.708652e-01	7.688140e-01	7.692094e-01
5	.	16500098	46	T	C	0.276	8.227064e+00	4.899583e+00	-9.110965e+02	4.536438e+01	4.598113e+01	9.488010e-02	9.294605e-02	9.610657e-02
5	.	16500201	28	C	A	0.125	1.703047e+00	5.953664e+00	-9.124654e+02	4.642327e+01	4.705817e+01	7.751723e-01	7.709643e-01	7.728941e-01
5	.	16500283	42	G	C	0.297	1.147746e+01	4.891111e+00	-9.097757e+02	4.860981e+01	4.922203e+01	2.004604e-02	1.941034e-02	2.189088e-02
5	.	16500305	43	T	C	0.197	6.875915e+00	5.179816e+00	-9.116294e+02	4.475995e+01	4.543873e+01	1.860619e-01	1.850266e-01	1.887168e-01
5	.	16846623	42	C	T	0.246	4.186626e+00	4.928131e+00	-9.121552e+02	4.451739e+01	4.502854e+01	3.967242e-01	4.010099e-01	4.070808e-01
5	.	16846624	42	A	C	0.246	4.660482e+00	4.896562e+00	-9.120633e+02	4.444596e+01	4.496667e+01	3.424959e-01	3.457467e-01	3.515645e-01
5	.	16846653	40	G	T	0.479	-2.279763e+00	4.605956e+00	-9.123873e+02	4.537764e+01	4.592951e+01	6.212388e-01	6.234576e-01	6.258928e-01
5	.	16846673	36	A	G	0.076	4.109600e+00	6.771202e+00	-9.123327e+02	4.446138e+01	4.531052e+01	5.446753e-01	5.539381e-01	5.599620e-01
5	.	16847065	39	C	T	0.426	-2.295161e+00	4.752182e+00	-9.123931e+02	4.541519e+01	4.590984e+01	6.297106e-01	6.319818e-01	6.345735e-01
5	.	16847329	49	A	G	0.420	6.010585e-01	4.897219e+00	-9.124997e+02	4.630717e+01	4.683747e+01	9.024557e-01	8.983693e-01	8.995567e-01
5	.	16847753	26	A	G	0.110	1.134325e+01	6.314060e+00	-9.109476e+02	4.216902e+01	4.288002e+01	7.410971e-02	7.731994e-02	8.418155e-02
5	.	16848061	42	C	T	0.051	2.042497e+01	1.223108e+01	-9.111421e+02	5.023874e+01	5.085962e+01	9.669192e-02	9.839081e-02	1.072865e-01
5	.	17702193	44	T	G	0.162	-2.463520e+00	6.648353e+00	-9.124413e+02	4.541643e+01	4.601358e+01	7.114164e-01	7.152476e-01	7.175956e-01
5	.	17702255	48	A	G	0.311	-3.642637e+00	5.146451e+00	-9.122579e+02	4.535662e+01	4.602161e+01	4.799978e-01	4.795481e-01	4.815617e-01
5	.	17702289	43	A	C	0.350	-7.478768e+00	5.033954e+00	-9.113985e+02	4.724481e+01	4.794429e+01	1.391367e-01	1.363626e-01	1.402165e-01
5	.	17702556	42	T	C	0.145	-3.102480e+00	6.828300e+00	-9.124052e+02	4.557179e+01	4.621000e+01	6.501261e-01	6.505991e-01	6.518686e-01
5	.	17702574	37	A	G	0.133	-2.868182e+00	7.044386e+00	-9.124245e+02	4.583992e+01	4.645582e+01	6.843808e-01	6.831898e-01	6.838349e-01
5	.	17702594	38	G	A	0.190	2.534823e+00	6.338829e+00	-9.124255e+02	4.646915e+01	4.722224e+01	6.897184e-01	6.849387e-01	6.874617e-01
5	.	17702694	27	C	T	0.163	-5.021454e+00	7.106892e+00	-9.122579e+02	4.562251e+01	4.601043e+01	4.807631e-01	4.796054e-01	4.816421e-01
5	.	17702765	22	C	A	0.158	-3.045565e+00	6.866007e+00	-9.124129e+02	4.521666e+01	4.574690e+01	6.578911e-01	6.630648e-01	6.669106e-01
5	.	17702849	26	T	A	0.383	-4.235202e+00	5.018576e+00	-9.121473e+02	4.661974e+01	4.726361e+01	3.998551e-01	3.958123e-01	3.982441e-01
5	.	17702997	44	C	T	0.360	-5.483042e+00	5.313882e+00	-9.119704e+02	4.705907e+01	4.776034e+01	3.035501e-01	2.998605e-01	3.036257e-01
5	.	17703009	48	A	G	0.333	-5.912078e+00	5.370852e+00	-9.118962e+02	4.671313e+01	4.733192e+01	2.724827e-01	2.687420e-01	2.716340e-01
5	.	17703065	34	G	A	0.082	-9.168668e+00	6.749062e+00	-9.115779e+02	4.717414e+01	4.816725e+01	1.760211e-01	1.726464e-01	1.769550e-01
5	.	17703068	32	G	T	0.223	3.489452e+00	6.666484e+00	-9.123695e+02	4.718781e+01	4.775231e+01	6.013246e-01	5.989691e-01	6.045265e-01
5	.	17703095	37	A	C	0.350	-7.625596e+00	4.934659e+00	-9.113197e+02	4.877423e+01	4.950864e+01	1.240464e-01	1.231978e-01	1.297097e-01
5	.	17703261	39	C	T	0.220	7.005709e+00	6.604551e+00	-9.119647e+02	4.970738e+01	5.046079e+01	2.902455e-01	2.972922e-01	3.159107e-01
5	.	17703269	43	T	G	0.248	6.345819e+00	7.030727e+00	-9.121110e+02	4.896640e+01	4.952376e+01	3.679667e-01	3.730017e-01	3.878303e-01
5	.	17703277	37	C	T	0.238	3.503857e+00	7.069588e+00	-9.123860e+02	4.763541e+01	4.814111e+01	6.207711e-01	6.216278e-01	6.312451e-01
5	.	17703326	31	C	A	0.221	-5.251809e-01	6.701764e+00	-9.125052e+02	4.589321e+01	4.646008e+01	9.376261e-01	9.420428e-01	9.426079e-01
5	.	17703345	32	G	A	0.223	2.438908e-01	6.934077e+00	-9.125070e+02	4.621378e+01	4.669498e+01	9.719814e-01	9.670014e-01	9.676409e-01
5	.	17703365	30	C	A	0.053	8.719039e+00	1.071881e+01	-9.121800e+02	4.823125e+01	4.888210e+01	4.170563e-01	4.181394e-01	4.292044e-01
5	.	17703395	33	C	A	0.224	-1.762647e+00	6.921177e+00	-9.124772e+02	4.558801e+01	4.604772e+01	7.992685e-01	8.047055e-01	8.074868e-01
5	.	17703432	44	A	G	0.051	1.724878e+01	1.261989e+01	-9.115815e+02	4.888828e+01	4.940312e+01	1.734138e-01	1.734678e-01	1.811504e-01
5	.	17703434	42	C	T	0.051	1.646618e+01	1.264464e+01	-9.116652e+02	4.865989e+01	4.916947e+01	1.945217e-01	1.942184e-01	2.016092e-01
5	.	17703487	40	T	C	0.407	5.879745e+00	4.903161e+00	-9.118018e+02	4.403179e+01	4.454027e+01	2.320540e-01	2.347107e-01	2.411301e-01
5	.	17703572	40	C	T	0.179	-7.119883e+00	6.645106e+00	-9.119361e+02	4.495133e+01	4.545041e+01	2.854189e-01	2.849311e-01	2.886732e-01
5	.	18047942	49	T	A	0.092	-3.248840e+00	6.960268e+00	-9.123964e+02	4.616124e+01	4.697447e+01	6.412357e-01	6.369141e-01	6.382100e-01
5	.	18047987	42	A	G	0.130	-2.208354e+00	5.930621e+00	-9.124405e+02	4.529408e+01	4.613153e+01	7.100643e-01	7.136389e-01	7.152860e-01
5	.	18047998	42	C	A	0.116	-3.994914e+00	6.743744e+00	-9.123317e+02	4.560794e+01	4.636246e+01	5.543425e-01	5.527973e-01	5.539012e-01
5	.	18048000	45	T	C	0.126	-6.329691e-01	6.817400e+00	-9.125038e+02	4.577494e+01	4.650468e+01	9.261302e-01	9.287662e-01	9.290347e-01
5	.	18048044	35	C	T	0.172	3.506782e-01	6.579745e+00	-9.125063e+02	4.608987e+01	4.661626e+01	9.575553e-01	9.560805e-01	9.561751e-01
5	.	18048089	51	T	A	0.155	-1.799834e+00	6.518966e+00	-9.124698e+02	4.579877e+01	4.646079e+01	7.827978e-01	7.827355e-01	7.832007e-01
5	.	18048095	43	G	T	0.153	7.843541e-01	6.399158e+00	-9.125001e+02	4.593682e+01	4.663031e+01	9.025847e-01	9.008852e-01	9.010598e-01
5	.	18049006	50	T	G	0.238	1.092614e+00	5.628233e+00	-9.124884e+02	4.605910e+01	4.669212e+01	8.462948e-01	8.439076e-01	8.442593e-01
5	.	18049038	46	T	C	0.224	4.281702e+00	6.149736e+00	-9.122640e+02	4.580622e+01	4.633697e+01	4.871857e-01	4.849560e-01	4.863164e-01
5	.	18049105	37	G	A	0.252	2.218693e+00	5.712978e+00	-9.124317e+02	4.605747e+01	4.655986e+01	6.982136e-01	6.963576e-01	6.968891e-01
5	.	18049209	38	T	C	0.211	-4.183301e-02	5.958196e+00	-9.125078e+02	4.605800e+01	4.659179e+01	9.944059e-01	9.932041e-01	9.932183e-01
5	.	18049211	39	C	A	0.085	7.410053e+00	6.725048e+00	-9.119235e+02	4.343011e+01	4.419782e+01	2.720107e-01	2.796631e-01	2.885598e-01
5	.	18050121	36	T	C	0.201	-5.521444e+00	6.143835e+00	-9.121023e+02	4.760688e+01	4.820750e+01	3.700283e-01	3.677907e-01	3.735776e-01
5	.	18050664	48	T	A	0.205	-1.666432e-01	6.172309e+00	-9.125074e+02	4.606166e+01	4.661265e+01	9.784912e-01	9.763422e-01	9.764218e-01
5	.	18163789	46	G	C	0.187	-7.818431e+00	4.809958e+00	-9.111796e+02	4.650179e+01	4.739808e+01	1.058322e-01	1.031359e-01	1.064022e-01
5	.	18169426	42	T	C	0.094	8.904729e+00	5.926485e+00	-9.113727e+02	4.711691e+01	4.790122e+01	1.347320e-01	1.318779e-01	1.356349e-01
5	.	18169634	52	A	G	0.102	5.566605e+00	5.832268e+00	-9.120499e+02	4.552163e+01	4.629321e+01	3.411506e-01	3.385698e-01	3.406058e-01
5	.	25089475	33	C	G	0.163	-1.797884e+00	5.851550e+00	-9.124589e+02	4.651479e+01	4.719331e+01	7.590129e-01	7.544126e-01	7.571890e-01
