1 3073.37670898438
2 2945.78442382812
3 2794.33544921875
4 2794.33544921875
5 2794.33544921875
6 2794.33544921875
7 2840.22802734375
8 2868.47998046875
9 2835.31860351562
10 2835.31860351562
11 2744.28271484375
12 2846.47314453125
13 2846.47314453125
14 2744.28271484375
15 2729.037109375
16 2729.037109375
17 2762.759765625
18 2622.17797851562
19 2621.71337890625
20 2636.96215820312
21 2626.119140625
22 2647.271484375
23 2723.17919921875
24 2643.48071289062
25 2643.7021484375
26 2580.33251953125
27 2524.837890625
28 2524.837890625
29 2634.23461914062
30 2634.23461914062
31 2338.93188476562
32 2280.42309570312
33 2294.080078125
34 2259.77612304688
35 2274.02368164062
36 2274.02368164062
37 2274.02368164062
38 2274.02368164062
39 2274.02368164062
40 2274.02368164062
41 2259.77612304688
42 2274.02368164062
43 2274.02368164062
44 2274.02368164062
45 2274.02368164062
46 2274.02368164062
47 2274.02368164062
48 2274.02368164062
49 2274.02368164062
50 2274.02368164062
51 2274.02368164062
52 2274.02368164062
53 2259.77612304688
54 2274.02368164062
55 2274.02368164062
56 2274.02368164062
57 2288.98681640625
58 2288.98681640625
59 2232.61865234375
60 2307.83227539062
61 1955.73059082031
62 1941.26867675781
63 1941.26867675781
64 1941.26867675781
65 1859.22058105469
66 1879.34594726562
67 1869.63073730469
68 1846.50500488281
69 1846.50500488281
70 1846.50500488281
71 1846.50500488281
72 1846.50500488281
73 1846.50500488281
74 1846.50500488281
75 1846.50500488281
76 1846.50500488281
77 1846.50500488281
78 1846.50500488281
79 1835.87219238281
80 1859.22058105469
81 1751.4814453125
82 1736.04296875
83 1739.40368652344
84 1742.7236328125
85 1762.3017578125
86 1762.3017578125
87 1762.3017578125
88 1762.3017578125
89 1698.6083984375
90 1716.8447265625
91 1716.8447265625
92 1716.8447265625
93 1716.8447265625
94 1716.8447265625
95 1679.10766601562
96 1627.11071777344
97 1686.36926269531
98 1686.36926269531
99 1679.10766601562
100 1679.10766601562
101 1659.01623535156
102 1652.42199707031
103 1580.89782714844
104 1594.54309082031
105 1581.75012207031
106 1574.5009765625
107 1562.68896484375
108 1554.32946777344
109 1554.79724121094
110 1531.32897949219
111 1554.56872558594
112 1533.59887695312
113 1515.37609863281
114 1568.58654785156
115 1558.8095703125
116 1474.47436523438
117 1472.09387207031
118 1461.24230957031
119 1461.24230957031
120 1435.11596679688
121 1511.7021484375
122 1511.7021484375
123 1511.7021484375
124 1511.7021484375
125 1511.7021484375
126 1472.29223632812
127 1472.29223632812
128 1479.31506347656
129 1479.31506347656
130 1479.31506347656
131 1479.31506347656
132 1479.31506347656
133 1479.31506347656
134 1479.31506347656
135 1479.31506347656
136 1479.31506347656
137 1479.31506347656
138 1415.64392089844
139 1415.64392089844
140 1415.64392089844
141 1273.37353515625
142 1400.6494140625
143 1361.98400878906
144 1419.00805664062
145 1419.00805664062
146 1419.00805664062
147 1278.18920898438
148 1294.47082519531
149 1294.47082519531
150 1327.6533203125
151 1251.87231445312
152 1251.87231445312
153 1259.65808105469
154 1259.65808105469
155 1238.07751464844
156 1148.46520996094
157 1148.46520996094
158 1148.46520996094
159 1148.46520996094
160 1148.46520996094
161 1170.22863769531
162 1170.22863769531
163 1170.22863769531
164 1170.22863769531
165 1170.22863769531
166 1170.22863769531
167 1170.22863769531
168 1170.22863769531
169 1170.22863769531
170 1129.78833007812
171 1129.78833007812
172 1129.78833007812
173 1114.03527832031
174 1129.78833007812
175 1129.78833007812
176 1129.78833007812
177 1129.78833007812
178 1129.78833007812
179 1100.78845214844
180 1100.78845214844
