chrom	start	end	width	gene_id
1	306480	309109	2630	AT1G01880.1
1	306480	309109	2630	AT1G01880.2
1	306480	309109	2630	AT1G01880.1
1	306480	309109	2630	AT1G01880.2
1	306480	309109	2630	AT1G01880.1
1	306480	309109	2630	AT1G01880.2
1	306480	309109	2630	AT1G01880.1
1	306480	309109	2630	AT1G01880.2
1	306480	309109	2630	AT1G01880.1
1	306480	309109	2630	AT1G01880.2
1	306480	309109	2630	AT1G01880.1
1	306480	309109	2630	AT1G01880.2
1	306480	309109	2630	AT1G01880.1
1	306480	309109	2630	AT1G01880.2
1	306480	309109	2630	AT1G01880.1
1	306480	309109	2630	AT1G01880.2
1	306480	309109	2630	AT1G01880.1
1	306480	309109	2630	AT1G01880.2
1	306480	309109	2630	AT1G01880.1
1	306480	309109	2630	AT1G01880.2
1	306480	309109	2630	AT1G01880.1
1	306480	309109	2630	AT1G01880.2
1	306480	309109	2630	AT1G01880.1
1	306480	309109	2630	AT1G01880.2
1	658657	659771	1115	AT1G02920.1
1	658657	659771	1115	AT1G02920.1
1	658657	659771	1115	AT1G02920.1
1	661177	662427	1251	AT1G02930.1
1	661309	662456	1148	AT1G02930.2
1	661177	662427	1251	AT1G02930.1
1	661309	662456	1148	AT1G02930.2
1	663079	664128	1050	AT1G02940.1
1	663079	664128	1050	AT1G02940.1
1	663079	664128	1050	AT1G02940.1
1	663079	664128	1050	AT1G02940.1
1	663079	664128	1050	AT1G02940.1
1	663079	664128	1050	AT1G02940.1
1	663079	664128	1050	AT1G02940.1
1	665152	666451	1300	AT1G02950.3
1	665168	666452	1285	AT1G02950.2
1	665168	666451	1284	AT1G02950.1
1	665168	666451	1284	AT1G02950.4
1	665152	666451	1300	AT1G02950.3
1	665168	666452	1285	AT1G02950.2
1	665168	666451	1284	AT1G02950.1
1	665168	666451	1284	AT1G02950.4
1	665152	666451	1300	AT1G02950.3
1	665168	666452	1285	AT1G02950.2
1	665168	666451	1284	AT1G02950.1
1	665168	666451	1284	AT1G02950.4
1	665152	666451	1300	AT1G02950.3
1	665168	666452	1285	AT1G02950.2
1	665168	666451	1284	AT1G02950.1
1	665168	666451	1284	AT1G02950.4
1	665152	666451	1300	AT1G02950.3
1	665168	666452	1285	AT1G02950.2
1	665168	666451	1284	AT1G02950.1
1	665168	666451	1284	AT1G02950.4
1	665152	666451	1300	AT1G02950.3
1	665168	666452	1285	AT1G02950.2
1	665168	666451	1284	AT1G02950.1
1	665168	666451	1284	AT1G02950.4
1	665152	666451	1300	AT1G02950.3
1	665168	666452	1285	AT1G02950.2
1	665168	666451	1284	AT1G02950.1
1	665168	666451	1284	AT1G02950.4
1	2437330	2439665	2336	AT1G07890.1
1	2437330	2439665	2336	AT1G07890.6
1	2437437	2439665	2229	AT1G07890.2
1	2437478	2439665	2188	AT1G07890.4
1	2437478	2439665	2188	AT1G07890.5
1	2437478	2439665	2188	AT1G07890.7
1	2437560	2439665	2106	AT1G07890.8
1	2437330	2439665	2336	AT1G07890.1
1	2437330	2439665	2336	AT1G07890.6
1	2437437	2439665	2229	AT1G07890.2
1	2437478	2439665	2188	AT1G07890.4
1	2437478	2439665	2188	AT1G07890.5
1	2437478	2439665	2188	AT1G07890.7
1	2437560	2439665	2106	AT1G07890.8
1	2437330	2439665	2336	AT1G07890.1
1	2437330	2439665	2336	AT1G07890.6
1	2437437	2439665	2229	AT1G07890.2
1	2437478	2439665	2188	AT1G07890.4
1	2437478	2439665	2188	AT1G07890.5
1	2437478	2439665	2188	AT1G07890.7
1	2437560	2439665	2106	AT1G07890.8
1	2437330	2439665	2336	AT1G07890.1
1	2437330	2439665	2336	AT1G07890.6
1	2437437	2439665	2229	AT1G07890.2
1	2437478	2439665	2188	AT1G07890.4
1	2437478	2439665	2188	AT1G07890.5
1	2437478	2439665	2188	AT1G07890.7
1	2437560	2439665	2106	AT1G07890.8
1	2437330	2439665	2336	AT1G07890.1
1	2437330	2439665	2336	AT1G07890.6
1	2437437	2439665	2229	AT1G07890.2
1	2437478	2439665	2188	AT1G07890.4
1	2437478	2439665	2188	AT1G07890.5
1	2437478	2439665	2188	AT1G07890.7
1	2437560	2439665	2106	AT1G07890.8
1	2437330	2439665	2336	AT1G07890.1
1	2437330	2439665	2336	AT1G07890.6
1	2437437	2439665	2229	AT1G07890.2
1	2437478	2439665	2188	AT1G07890.4
1	2437478	2439665	2188	AT1G07890.5
1	2437478	2439665	2188	AT1G07890.7
1	2437560	2439665	2106	AT1G07890.8
1	2437725	2439665	1941	AT1G07890.3
1	2437330	2439665	2336	AT1G07890.1
1	2437330	2439665	2336	AT1G07890.6
1	2437437	2439665	2229	AT1G07890.2
1	2437478	2439665	2188	AT1G07890.4
1	2437478	2439665	2188	AT1G07890.5
1	2437478	2439665	2188	AT1G07890.7
1	2437560	2439665	2106	AT1G07890.8
1	2437725	2439665	1941	AT1G07890.3
1	2437330	2439665	2336	AT1G07890.1
1	2437330	2439665	2336	AT1G07890.6
1	2437437	2439665	2229	AT1G07890.2
1	2437478	2439665	2188	AT1G07890.4
1	2437478	2439665	2188	AT1G07890.5
1	2437478	2439665	2188	AT1G07890.7
1	2437560	2439665	2106	AT1G07890.8
1	2437725	2439665	1941	AT1G07890.3
1	2437330	2439665	2336	AT1G07890.1
1	2437330	2439665	2336	AT1G07890.6
1	2437437	2439665	2229	AT1G07890.2
1	2437478	2439665	2188	AT1G07890.4
1	2437478	2439665	2188	AT1G07890.5
1	2437478	2439665	2188	AT1G07890.7
1	2437560	2439665	2106	AT1G07890.8
1	2437725	2439665	1941	AT1G07890.3
1	2437330	2439665	2336	AT1G07890.1
1	2437330	2439665	2336	AT1G07890.6
1	2437437	2439665	2229	AT1G07890.2
1	2437478	2439665	2188	AT1G07890.4
1	2437478	2439665	2188	AT1G07890.5
1	2437478	2439665	2188	AT1G07890.7
1	2437560	2439665	2106	AT1G07890.8
1	2437725	2439665	1941	AT1G07890.3
1	2437330	2439665	2336	AT1G07890.1
1	2437330	2439665	2336	AT1G07890.6
1	2437437	2439665	2229	AT1G07890.2
1	2437478	2439665	2188	AT1G07890.4
1	2437478	2439665	2188	AT1G07890.5
1	2437478	2439665	2188	AT1G07890.7
1	2437560	2439665	2106	AT1G07890.8
1	2437725	2439665	1941	AT1G07890.3
1	2437330	2439665	2336	AT1G07890.1
1	2437330	2439665	2336	AT1G07890.6
1	2437437	2439665	2229	AT1G07890.2
1	2437478	2439665	2188	AT1G07890.4
1	2437478	2439665	2188	AT1G07890.5
1	2437478	2439665	2188	AT1G07890.7
1	2437560	2439665	2106	AT1G07890.8
1	2437725	2439665	1941	AT1G07890.3
1	2437330	2439665	2336	AT1G07890.1
1	2437330	2439665	2336	AT1G07890.6
1	2437437	2439665	2229	AT1G07890.2
1	2437478	2439665	2188	AT1G07890.4
1	2437478	2439665	2188	AT1G07890.5
1	2437478	2439665	2188	AT1G07890.7
1	2437560	2439665	2106	AT1G07890.8
1	2437725	2439665	1941	AT1G07890.3
1	2437330	2439665	2336	AT1G07890.1
1	2437330	2439665	2336	AT1G07890.6
1	2437437	2439665	2229	AT1G07890.2
1	2437478	2439665	2188	AT1G07890.4
1	2437478	2439665	2188	AT1G07890.5
1	2437478	2439665	2188	AT1G07890.7
1	2437560	2439665	2106	AT1G07890.8
1	2437725	2439665	1941	AT1G07890.3
1	2437330	2439665	2336	AT1G07890.1
1	2437330	2439665	2336	AT1G07890.6
1	2437437	2439665	2229	AT1G07890.2
1	2437478	2439665	2188	AT1G07890.4
1	2437478	2439665	2188	AT1G07890.5
1	2437478	2439665	2188	AT1G07890.7
1	2437560	2439665	2106	AT1G07890.8
1	2437725	2439665	1941	AT1G07890.3
1	2437330	2439665	2336	AT1G07890.1
1	2437330	2439665	2336	AT1G07890.6
1	2437437	2439665	2229	AT1G07890.2
1	2437478	2439665	2188	AT1G07890.4
1	2437478	2439665	2188	AT1G07890.5
1	2437478	2439665	2188	AT1G07890.7
1	2437560	2439665	2106	AT1G07890.8
1	2437725	2439665	1941	AT1G07890.3
1	2437330	2439665	2336	AT1G07890.1
1	2437330	2439665	2336	AT1G07890.6
1	2437437	2439665	2229	AT1G07890.2
1	2437478	2439665	2188	AT1G07890.4
1	2437478	2439665	2188	AT1G07890.5
1	2437478	2439665	2188	AT1G07890.7
1	2437560	2439665	2106	AT1G07890.8
1	2437725	2439665	1941	AT1G07890.3
1	2437330	2439665	2336	AT1G07890.1
1	2437330	2439665	2336	AT1G07890.6
1	2437437	2439665	2229	AT1G07890.2
1	2437478	2439665	2188	AT1G07890.4
1	2437478	2439665	2188	AT1G07890.5
1	2437478	2439665	2188	AT1G07890.7
1	2437560	2439665	2106	AT1G07890.8
1	2437725	2439665	1941	AT1G07890.3
1	2437330	2439665	2336	AT1G07890.1
1	2437330	2439665	2336	AT1G07890.6
1	2437437	2439665	2229	AT1G07890.2
1	2437478	2439665	2188	AT1G07890.4
1	2437478	2439665	2188	AT1G07890.5
1	2437478	2439665	2188	AT1G07890.7
1	2437560	2439665	2106	AT1G07890.8
1	2437725	2439665	1941	AT1G07890.3
1	2437330	2439665	2336	AT1G07890.1
1	2437330	2439665	2336	AT1G07890.6
1	2437437	2439665	2229	AT1G07890.2
1	2437478	2439665	2188	AT1G07890.4
1	2437478	2439665	2188	AT1G07890.5
1	2437478	2439665	2188	AT1G07890.7
1	2437560	2439665	2106	AT1G07890.8
1	2437725	2439665	1941	AT1G07890.3
1	2437330	2439665	2336	AT1G07890.1
1	2437330	2439665	2336	AT1G07890.6
1	2437437	2439665	2229	AT1G07890.2
1	2437478	2439665	2188	AT1G07890.4
1	2437478	2439665	2188	AT1G07890.5
1	2437478	2439665	2188	AT1G07890.7
1	2437560	2439665	2106	AT1G07890.8
1	2437725	2439665	1941	AT1G07890.3
1	2437330	2439665	2336	AT1G07890.1
1	2437330	2439665	2336	AT1G07890.6
1	2437437	2439665	2229	AT1G07890.2
1	2437478	2439665	2188	AT1G07890.4
1	2437478	2439665	2188	AT1G07890.5
1	2437478	2439665	2188	AT1G07890.7
1	2437560	2439665	2106	AT1G07890.8
1	2437725	2439665	1941	AT1G07890.3
1	2437330	2439665	2336	AT1G07890.1
1	2437330	2439665	2336	AT1G07890.6
1	2437437	2439665	2229	AT1G07890.2
1	2437478	2439665	2188	AT1G07890.4
1	2437478	2439665	2188	AT1G07890.5
1	2437478	2439665	2188	AT1G07890.7
1	2437560	2439665	2106	AT1G07890.8
1	2437725	2439665	1941	AT1G07890.3
1	2437330	2439665	2336	AT1G07890.1
1	2437330	2439665	2336	AT1G07890.6
1	2437437	2439665	2229	AT1G07890.2
1	2437478	2439665	2188	AT1G07890.4
1	2437478	2439665	2188	AT1G07890.5
1	2437478	2439665	2188	AT1G07890.7
1	2437560	2439665	2106	AT1G07890.8
1	2437725	2439665	1941	AT1G07890.3
1	2437330	2439665	2336	AT1G07890.1
1	2437330	2439665	2336	AT1G07890.6
1	2437437	2439665	2229	AT1G07890.2
1	2437478	2439665	2188	AT1G07890.4
1	2437478	2439665	2188	AT1G07890.5
1	2437478	2439665	2188	AT1G07890.7
1	2437560	2439665	2106	AT1G07890.8
1	2437725	2439665	1941	AT1G07890.3
1	2437330	2439665	2336	AT1G07890.1
1	2437330	2439665	2336	AT1G07890.6
1	2437437	2439665	2229	AT1G07890.2
1	2437478	2439665	2188	AT1G07890.4
1	2437478	2439665	2188	AT1G07890.5
1	2437478	2439665	2188	AT1G07890.7
1	2437560	2439665	2106	AT1G07890.8
1	2437725	2439665	1941	AT1G07890.3
1	2437330	2439665	2336	AT1G07890.1
1	2437330	2439665	2336	AT1G07890.6
1	2437437	2439665	2229	AT1G07890.2
1	2437478	2439665	2188	AT1G07890.4
1	2437478	2439665	2188	AT1G07890.5
1	2437478	2439665	2188	AT1G07890.7
1	2437560	2439665	2106	AT1G07890.8
1	2437725	2439665	1941	AT1G07890.3
1	2437330	2439665	2336	AT1G07890.1
1	2437330	2439665	2336	AT1G07890.6
1	2437437	2439665	2229	AT1G07890.2
1	2437478	2439665	2188	AT1G07890.4
1	2437478	2439665	2188	AT1G07890.5
1	2437478	2439665	2188	AT1G07890.7
1	2437560	2439665	2106	AT1G07890.8
1	2437725	2439665	1941	AT1G07890.3
1	2437330	2439665	2336	AT1G07890.1
1	2437330	2439665	2336	AT1G07890.6
1	2437437	2439665	2229	AT1G07890.2
1	2437478	2439665	2188	AT1G07890.4
1	2437478	2439665	2188	AT1G07890.5
1	2437478	2439665	2188	AT1G07890.7
1	2437560	2439665	2106	AT1G07890.8
1	2437725	2439665	1941	AT1G07890.3
1	2437330	2439665	2336	AT1G07890.1
1	2437330	2439665	2336	AT1G07890.6
1	2437437	2439665	2229	AT1G07890.2
1	2437478	2439665	2188	AT1G07890.4
1	2437478	2439665	2188	AT1G07890.5
1	2437478	2439665	2188	AT1G07890.7
1	2437560	2439665	2106	AT1G07890.8
1	2437725	2439665	1941	AT1G07890.3
1	2437330	2439665	2336	AT1G07890.1
1	2437330	2439665	2336	AT1G07890.6
1	2437437	2439665	2229	AT1G07890.2
1	2437478	2439665	2188	AT1G07890.4
1	2437478	2439665	2188	AT1G07890.5
1	2437478	2439665	2188	AT1G07890.7
1	2437560	2439665	2106	AT1G07890.8
1	2437725	2439665	1941	AT1G07890.3
1	3119878	3122526	2649	AT1G09640.1
1	3119967	3122324	2358	AT1G09640.2
1	3119878	3122526	2649	AT1G09640.1
1	3119967	3122324	2358	AT1G09640.2
1	3119878	3122526	2649	AT1G09640.1
1	3119967	3122324	2358	AT1G09640.2
1	3119878	3122526	2649	AT1G09640.1
1	3119967	3122324	2358	AT1G09640.2
1	3119878	3122526	2649	AT1G09640.1
1	3119967	3122324	2358	AT1G09640.2
1	3119878	3122526	2649	AT1G09640.1
1	3119967	3122324	2358	AT1G09640.2
1	3119878	3122526	2649	AT1G09640.1
1	3119967	3122324	2358	AT1G09640.2
1	3119878	3122526	2649	AT1G09640.1
1	3119967	3122324	2358	AT1G09640.2
1	3119878	3122526	2649	AT1G09640.1
1	3119967	3122324	2358	AT1G09640.2
1	3119878	3122526	2649	AT1G09640.1
1	3119967	3122324	2358	AT1G09640.2
1	3119878	3122526	2649	AT1G09640.1
1	3119967	3122324	2358	AT1G09640.2
1	3119878	3122526	2649	AT1G09640.1
1	3119967	3122324	2358	AT1G09640.2
1	3119878	3122526	2649	AT1G09640.1
1	3119967	3122324	2358	AT1G09640.2
1	3395558	3396849	1292	AT1G10360.1
1	3395558	3396849	1292	AT1G10360.1
1	3395558	3396849	1292	AT1G10360.1
1	3397081	3398358	1278	AT1G10370.1
1	3397081	3398358	1278	AT1G10370.1
1	3397081	3398358	1278	AT1G10370.1
1	3397081	3398358	1278	AT1G10370.1
1	3397081	3398358	1278	AT1G10370.1
1	3397081	3398358	1278	AT1G10370.1
1	3397081	3398358	1278	AT1G10370.1
1	3397081	3398358	1278	AT1G10370.1
1	4206374	4208951	2578	AT1G12370.2
1	4206415	4208951	2537	AT1G12370.1
1	4206374	4208951	2578	AT1G12370.2
1	4206415	4208951	2537	AT1G12370.1
1	4206374	4208951	2578	AT1G12370.2
1	4206415	4208951	2537	AT1G12370.1
1	4206374	4208951	2578	AT1G12370.2
1	4206415	4208951	2537	AT1G12370.1
1	4206374	4208951	2578	AT1G12370.2
1	4206415	4208951	2537	AT1G12370.1
1	4206374	4208951	2578	AT1G12370.2
1	4206415	4208951	2537	AT1G12370.1
1	4206374	4208951	2578	AT1G12370.2
1	4206415	4208951	2537	AT1G12370.1
1	4206374	4208951	2578	AT1G12370.2
1	4206415	4208951	2537	AT1G12370.1
1	4206374	4208951	2578	AT1G12370.2
1	4206415	4208951	2537	AT1G12370.1
1	4206374	4208951	2578	AT1G12370.2
1	4206415	4208951	2537	AT1G12370.1
1	4206374	4208951	2578	AT1G12370.2
1	4206415	4208951	2537	AT1G12370.1
1	4206374	4208951	2578	AT1G12370.2
1	4206415	4208951	2537	AT1G12370.1
1	4206374	4208951	2578	AT1G12370.2
1	4206415	4208951	2537	AT1G12370.1
1	5543152	5546103	2952	AT1G16190.1
1	5543152	5546103	2952	AT1G16190.1
1	5543152	5546103	2952	AT1G16190.1
1	5543152	5546103	2952	AT1G16190.1
1	5543152	5546103	2952	AT1G16190.1
1	5543152	5546103	2952	AT1G16190.1
1	5543152	5546103	2952	AT1G16190.1
1	5543152	5546103	2952	AT1G16190.1
1	5543152	5546103	2952	AT1G16190.1
1	5543152	5546103	2952	AT1G16190.1
1	5543152	5546103	2952	AT1G16190.1
1	5543152	5546103	2952	AT1G16190.1
1	5543152	5546103	2952	AT1G16190.1
1	5543152	5546103	2952	AT1G16190.1
1	5543152	5546103	2952	AT1G16190.1
1	5543152	5546103	2952	AT1G16190.1
1	5543152	5546103	2952	AT1G16190.1
1	5543152	5546103	2952	AT1G16190.1
1	5543152	5546103	2952	AT1G16190.1
1	5543152	5546103	2952	AT1G16190.1
1	5543152	5546103	2952	AT1G16190.1
1	5543152	5546103	2952	AT1G16190.1
1	5543152	5546103	2952	AT1G16190.1
1	5543152	5546103	2952	AT1G16190.1
1	5543152	5546103	2952	AT1G16190.1
1	5543152	5546103	2952	AT1G16190.1
1	5543152	5546103	2952	AT1G16190.1
1	5543152	5546103	2952	AT1G16190.1
1	5543152	5546103	2952	AT1G16190.1
1	5543152	5546103	2952	AT1G16190.1
1	5543152	5546103	2952	AT1G16190.1
1	5543152	5546103	2952	AT1G16190.1
1	5543152	5546103	2952	AT1G16190.1
1	5543152	5546103	2952	AT1G16190.1
1	5543152	5546103	2952	AT1G16190.1
1	5543152	5546103	2952	AT1G16190.1
1	5543152	5546103	2952	AT1G16190.1
1	5543152	5546103	2952	AT1G16190.1
1	5543152	5546103	2952	AT1G16190.1
1	5543152	5546103	2952	AT1G16190.1
1	5543152	5546103	2952	AT1G16190.1
1	5543152	5546103	2952	AT1G16190.1
1	5543152	5546103	2952	AT1G16190.1
1	5543152	5546103	2952	AT1G16190.1
1	5869846	5870840	995	AT1G17170.1
1	5872145	5873086	942	AT1G17180.1
1	5872145	5873086	942	AT1G17180.1
1	5872145	5873086	942	AT1G17180.1
1	5872145	5873086	942	AT1G17180.1
1	5872145	5873086	942	AT1G17180.1
1	5872145	5873086	942	AT1G17180.1
1	5872145	5873086	942	AT1G17180.1
1	5872145	5873086	942	AT1G17180.1
1	5875350	5876545	1196	AT1G17190.1
1	5875350	5876545	1196	AT1G17190.1
1	5875350	5876545	1196	AT1G17190.1
1	5875350	5876545	1196	AT1G17190.1
1	5875350	5876545	1196	AT1G17190.1
1	5875350	5876545	1196	AT1G17190.1
1	5875350	5876545	1196	AT1G17190.1
1	6224501	6227822	3322	AT1G18090.1
1	6224504	6227822	3319	AT1G18090.2
1	6224501	6227822	3322	AT1G18090.1
1	6224504	6227822	3319	AT1G18090.2
1	6224501	6227822	3322	AT1G18090.1
1	6224504	6227822	3319	AT1G18090.2
1	6224501	6227822	3322	AT1G18090.1
1	6224504	6227822	3319	AT1G18090.2
1	6224501	6227822	3322	AT1G18090.1
1	6224504	6227822	3319	AT1G18090.2
1	6224501	6227822	3322	AT1G18090.1
1	6224504	6227822	3319	AT1G18090.2
1	6224501	6227822	3322	AT1G18090.1
1	6224504	6227822	3319	AT1G18090.2
1	6224501	6227822	3322	AT1G18090.1
1	6224504	6227822	3319	AT1G18090.2
1	6224501	6227822	3322	AT1G18090.1
1	6224504	6227822	3319	AT1G18090.2
1	6224501	6227822	3322	AT1G18090.1
1	6224504	6227822	3319	AT1G18090.2
1	6224501	6227822	3322	AT1G18090.1
1	6224504	6227822	3319	AT1G18090.2
1	6224501	6227822	3322	AT1G18090.1
1	6224504	6227822	3319	AT1G18090.2
1	6773302	6774528	1227	AT1G19570.1
1	6773311	6774528	1218	AT1G19570.2
1	6773302	6774528	1227	AT1G19570.1
1	6773311	6774528	1218	AT1G19570.2
1	9425460	9426886	1427	AT1G27130.1
1	9425460	9426886	1427	AT1G27130.1
1	9425460	9426886	1427	AT1G27130.1
1	9425460	9426886	1427	AT1G27130.1
1	9425460	9426886	1427	AT1G27130.1
1	9425460	9426886	1427	AT1G27130.1
1	9425460	9426886	1427	AT1G27130.1
1	9425460	9426886	1427	AT1G27130.1
1	9425460	9426886	1427	AT1G27130.1
1	9425460	9426886	1427	AT1G27130.1
1	9427858	9428716	859	AT1G27140.1
1	9427858	9428716	859	AT1G27140.1
1	9427858	9428716	859	AT1G27140.1
1	9427858	9428716	859	AT1G27140.1
1	9427858	9428716	859	AT1G27140.1
1	9427858	9428716	859	AT1G27140.1
1	9427858	9428716	859	AT1G27140.1
1	9427858	9428716	859	AT1G27140.1
1	9427858	9428716	859	AT1G27140.1
1	9427858	9428716	859	AT1G27140.1
1	9427858	9428716	859	AT1G27140.1
1	9427858	9428716	859	AT1G27140.1
1	9427858	9428716	859	AT1G27140.1
1	9427858	9428716	859	AT1G27140.1
1	9427858	9428716	859	AT1G27140.1
1	9427858	9428716	859	AT1G27140.1
1	10349427	10353736	4310	AT1G29630.3
1	10349466	10353736	4271	AT1G29630.1
1	10349466	10353731	4266	AT1G29630.2
1	10349427	10353736	4310	AT1G29630.3
1	10349466	10353736	4271	AT1G29630.1
1	10349466	10353731	4266	AT1G29630.2
1	10349427	10353736	4310	AT1G29630.3
1	10349466	10353736	4271	AT1G29630.1
1	10349466	10353731	4266	AT1G29630.2
1	10349427	10353736	4310	AT1G29630.3
1	10349466	10353736	4271	AT1G29630.1
1	10349466	10353731	4266	AT1G29630.2
1	10349427	10353736	4310	AT1G29630.3
1	10349466	10353736	4271	AT1G29630.1
1	10349466	10353731	4266	AT1G29630.2
1	10349427	10353736	4310	AT1G29630.3
1	10349466	10353736	4271	AT1G29630.1
1	10349466	10353731	4266	AT1G29630.2
1	10349427	10353736	4310	AT1G29630.3
1	10349466	10353736	4271	AT1G29630.1
1	10349466	10353731	4266	AT1G29630.2
1	10349427	10353736	4310	AT1G29630.3
1	10349466	10353736	4271	AT1G29630.1
1	10349466	10353731	4266	AT1G29630.2
1	10349427	10353736	4310	AT1G29630.3
1	10349466	10353736	4271	AT1G29630.1
1	10349466	10353731	4266	AT1G29630.2
1	10349427	10353736	4310	AT1G29630.3
1	10349466	10353736	4271	AT1G29630.1
1	10349466	10353731	4266	AT1G29630.2
1	10349427	10353736	4310	AT1G29630.3
1	10349466	10353736	4271	AT1G29630.1
1	10349466	10353731	4266	AT1G29630.2
1	10349427	10353736	4310	AT1G29630.3
1	10349466	10353736	4271	AT1G29630.1
1	10349466	10353731	4266	AT1G29630.2
1	10349427	10353736	4310	AT1G29630.3
1	10349466	10353736	4271	AT1G29630.1
1	10349466	10353731	4266	AT1G29630.2
1	10349427	10353736	4310	AT1G29630.3
1	10349466	10353736	4271	AT1G29630.1
1	10349466	10353731	4266	AT1G29630.2
1	10349427	10353736	4310	AT1G29630.3
1	10349466	10353736	4271	AT1G29630.1
1	10349466	10353731	4266	AT1G29630.2
1	10349427	10353736	4310	AT1G29630.3
1	10349466	10353736	4271	AT1G29630.1
1	10349466	10353731	4266	AT1G29630.2
1	10349427	10353736	4310	AT1G29630.3
1	10349466	10353736	4271	AT1G29630.1
1	10349466	10353731	4266	AT1G29630.2
1	10349427	10353736	4310	AT1G29630.3
1	10349466	10353736	4271	AT1G29630.1
1	10349466	10353731	4266	AT1G29630.2
1	10349427	10353736	4310	AT1G29630.3
1	10349466	10353736	4271	AT1G29630.1
1	10349466	10353731	4266	AT1G29630.2
1	10349427	10353736	4310	AT1G29630.3
1	10349466	10353736	4271	AT1G29630.1
1	10349466	10353731	4266	AT1G29630.2
1	10349427	10353736	4310	AT1G29630.3
1	10349466	10353736	4271	AT1G29630.1
1	10349466	10353731	4266	AT1G29630.2
1	10349427	10353736	4310	AT1G29630.3
1	10349466	10353736	4271	AT1G29630.1
1	10349466	10353731	4266	AT1G29630.2
1	10349427	10353736	4310	AT1G29630.3
1	10349466	10353736	4271	AT1G29630.1
1	10349466	10353731	4266	AT1G29630.2
1	10349427	10353736	4310	AT1G29630.3
1	10349466	10353736	4271	AT1G29630.1
1	10349466	10353731	4266	AT1G29630.2
1	10638911	10640782	1872	AT1G30230.1
1	10638914	10640782	1869	AT1G30230.2
1	10638911	10640782	1872	AT1G30230.1
1	10638914	10640782	1869	AT1G30230.2
1	10638911	10640782	1872	AT1G30230.1
1	10638914	10640782	1869	AT1G30230.2
1	10638911	10640782	1872	AT1G30230.1
1	10638914	10640782	1869	AT1G30230.2
1	10638911	10640782	1872	AT1G30230.1
1	10638914	10640782	1869	AT1G30230.2
1	10638911	10640782	1872	AT1G30230.1
1	10638914	10640782	1869	AT1G30230.2
1	10638911	10640782	1872	AT1G30230.1
1	10638914	10640782	1869	AT1G30230.2
1	10638911	10640782	1872	AT1G30230.1
1	10638914	10640782	1869	AT1G30230.2
1	10638911	10640782	1872	AT1G30230.1
1	10638914	10640782	1869	AT1G30230.2
1	10638911	10640782	1872	AT1G30230.1
1	10638914	10640782	1869	AT1G30230.2
1	10638911	10640782	1872	AT1G30230.1
1	10638914	10640782	1869	AT1G30230.2
1	10638911	10640782	1872	AT1G30230.1
1	10638914	10640782	1869	AT1G30230.2
1	10638911	10640782	1872	AT1G30230.1
1	10638914	10640782	1869	AT1G30230.2
1	10638911	10640782	1872	AT1G30230.1
1	10638914	10640782	1869	AT1G30230.2
1	10638911	10640782	1872	AT1G30230.1
1	10638914	10640782	1869	AT1G30230.2
1	10638911	10640782	1872	AT1G30230.1
1	10638914	10640782	1869	AT1G30230.2
1	10638911	10640782	1872	AT1G30230.1
1	10638914	10640782	1869	AT1G30230.2
1	12552655	12554338	1684	AT1G34380.1
1	12552670	12554358	1689	AT1G34380.2
1	12552655	12554338	1684	AT1G34380.1
1	12552670	12554358	1689	AT1G34380.2
1	12552655	12554338	1684	AT1G34380.1
1	12552670	12554358	1689	AT1G34380.2
1	12552655	12554338	1684	AT1G34380.1
1	12552670	12554358	1689	AT1G34380.2
1	12552655	12554338	1684	AT1G34380.1
1	12552670	12554358	1689	AT1G34380.2
1	12552655	12554338	1684	AT1G34380.1
1	12552670	12554358	1689	AT1G34380.2
1	12552655	12554338	1684	AT1G34380.1
1	12552670	12554358	1689	AT1G34380.2
1	12552655	12554338	1684	AT1G34380.1
1	12552670	12554358	1689	AT1G34380.2
1	12552655	12554338	1684	AT1G34380.1
1	12552670	12554358	1689	AT1G34380.2
1	12552655	12554338	1684	AT1G34380.1
1	12552670	12554358	1689	AT1G34380.2
1	12552655	12554338	1684	AT1G34380.1
1	12552670	12554358	1689	AT1G34380.2
1	12552655	12554338	1684	AT1G34380.1
1	12552670	12554358	1689	AT1G34380.2
1	12552655	12554338	1684	AT1G34380.1
1	12552670	12554358	1689	AT1G34380.2
1	12552655	12554338	1684	AT1G34380.1
1	12552670	12554358	1689	AT1G34380.2
1	12552655	12554338	1684	AT1G34380.1
1	12552670	12554358	1689	AT1G34380.2
1	12552655	12554338	1684	AT1G34380.1
1	12552670	12554358	1689	AT1G34380.2
1	12552655	12554338	1684	AT1G34380.1
1	12552670	12554358	1689	AT1G34380.2
1	18458666	18459906	1241	AT1G49860.1
1	18458666	18459906	1241	AT1G49860.1
1	18458666	18459906	1241	AT1G49860.1
1	18458666	18459906	1241	AT1G49860.1
1	18458666	18459906	1241	AT1G49860.1
1	18458666	18459906	1241	AT1G49860.1
1	18458666	18459906	1241	AT1G49860.1
1	18458666	18459906	1241	AT1G49860.1
1	20038358	20039117	760	AT1G53680.1
1	20038358	20039117	760	AT1G53680.1
1	20038358	20039117	760	AT1G53680.1
1	20038358	20039117	760	AT1G53680.1
1	20038358	20039117	760	AT1G53680.1
1	20038358	20039117	760	AT1G53680.1
1	20038358	20039117	760	AT1G53680.1
1	21377615	21380378	2764	AT1G57720.1
1	21377735	21380382	2648	AT1G57720.2
1	21377615	21380378	2764	AT1G57720.1
1	21377735	21380382	2648	AT1G57720.2
1	21377615	21380378	2764	AT1G57720.1
1	21377735	21380382	2648	AT1G57720.2
1	21377615	21380378	2764	AT1G57720.1
1	21377735	21380382	2648	AT1G57720.2
1	21377615	21380378	2764	AT1G57720.1
1	21377735	21380382	2648	AT1G57720.2
1	21377615	21380378	2764	AT1G57720.1
1	21377735	21380382	2648	AT1G57720.2
1	21377615	21380378	2764	AT1G57720.1
1	21377735	21380382	2648	AT1G57720.2
1	21377615	21380378	2764	AT1G57720.1
1	21377735	21380382	2648	AT1G57720.2
1	21377615	21380378	2764	AT1G57720.1
1	21377735	21380382	2648	AT1G57720.2
1	21377615	21380378	2764	AT1G57720.1
1	21377735	21380382	2648	AT1G57720.2
1	21377615	21380378	2764	AT1G57720.1
1	21377735	21380382	2648	AT1G57720.2
1	21377615	21380378	2764	AT1G57720.1
1	21377735	21380382	2648	AT1G57720.2
1	21377615	21380378	2764	AT1G57720.1
1	21377735	21380382	2648	AT1G57720.2
1	21377615	21380378	2764	AT1G57720.1
1	21377735	21380382	2648	AT1G57720.2
1	21377615	21380378	2764	AT1G57720.1
1	21377735	21380382	2648	AT1G57720.2
1	21377615	21380378	2764	AT1G57720.1
1	21377735	21380382	2648	AT1G57720.2
1	21377615	21380378	2764	AT1G57720.1
1	21377735	21380382	2648	AT1G57720.2
1	21377615	21380378	2764	AT1G57720.1
1	21377735	21380382	2648	AT1G57720.2
1	21377615	21380378	2764	AT1G57720.1
1	21377735	21380382	2648	AT1G57720.2
1	21377615	21380378	2764	AT1G57720.1
1	21377735	21380382	2648	AT1G57720.2
1	21377615	21380378	2764	AT1G57720.1
1	21377735	21380382	2648	AT1G57720.2
1	21377615	21380378	2764	AT1G57720.1
1	21377735	21380382	2648	AT1G57720.2
1	21377615	21380378	2764	AT1G57720.1
1	21377735	21380382	2648	AT1G57720.2
1	21377615	21380378	2764	AT1G57720.1
1	21377735	21380382	2648	AT1G57720.2
1	21377615	21380378	2764	AT1G57720.1
1	21377735	21380382	2648	AT1G57720.2
1	21377615	21380378	2764	AT1G57720.1
1	21377735	21380382	2648	AT1G57720.2
1	21377615	21380378	2764	AT1G57720.1
1	21377735	21380382	2648	AT1G57720.2
1	21377615	21380378	2764	AT1G57720.1
1	21377735	21380382	2648	AT1G57720.2
1	21377615	21380378	2764	AT1G57720.1
1	21377735	21380382	2648	AT1G57720.2
1	21377615	21380378	2764	AT1G57720.1
1	21377735	21380382	2648	AT1G57720.2
1	21377615	21380378	2764	AT1G57720.1
1	21377735	21380382	2648	AT1G57720.2
1	21377615	21380378	2764	AT1G57720.1
1	21377735	21380382	2648	AT1G57720.2
1	21377615	21380378	2764	AT1G57720.1
1	21377735	21380382	2648	AT1G57720.2
1	21377615	21380378	2764	AT1G57720.1
1	21377735	21380382	2648	AT1G57720.2
1	21377615	21380378	2764	AT1G57720.1
1	21377735	21380382	2648	AT1G57720.2
1	21377615	21380378	2764	AT1G57720.1
1	21377735	21380382	2648	AT1G57720.2
1	21377615	21380378	2764	AT1G57720.1
1	21377735	21380382	2648	AT1G57720.2
1	21377615	21380378	2764	AT1G57720.1
1	21377735	21380382	2648	AT1G57720.2
1	21377615	21380378	2764	AT1G57720.1
1	21377735	21380382	2648	AT1G57720.2
1	21377615	21380378	2764	AT1G57720.1
1	21377735	21380382	2648	AT1G57720.2
1	21377615	21380378	2764	AT1G57720.1
1	21377735	21380382	2648	AT1G57720.2
1	21377615	21380378	2764	AT1G57720.1
1	21377735	21380382	2648	AT1G57720.2
1	21377615	21380378	2764	AT1G57720.1
1	21377735	21380382	2648	AT1G57720.2
1	21377615	21380378	2764	AT1G57720.1
1	21377735	21380382	2648	AT1G57720.2
1	21377615	21380378	2764	AT1G57720.1
1	21377735	21380382	2648	AT1G57720.2
1	21377615	21380378	2764	AT1G57720.1
1	21377735	21380382	2648	AT1G57720.2
1	21377615	21380378	2764	AT1G57720.1
1	21377735	21380382	2648	AT1G57720.2
1	21377615	21380378	2764	AT1G57720.1
1	21377735	21380382	2648	AT1G57720.2
1	21377615	21380378	2764	AT1G57720.1
1	21377735	21380382	2648	AT1G57720.2
1	21377615	21380378	2764	AT1G57720.1
1	21377735	21380382	2648	AT1G57720.2
1	21377615	21380378	2764	AT1G57720.1
1	21377735	21380382	2648	AT1G57720.2
1	21377615	21380378	2764	AT1G57720.1
1	21377735	21380382	2648	AT1G57720.2
1	21377615	21380378	2764	AT1G57720.1
1	21377735	21380382	2648	AT1G57720.2
1	21377615	21380378	2764	AT1G57720.1
1	21377735	21380382	2648	AT1G57720.2
1	21930010	21931366	1357	AT1G59670.1
1	21930010	21931366	1357	AT1G59670.1
1	21930010	21931366	1357	AT1G59670.1
1	21930010	21931366	1357	AT1G59670.1
1	21930010	21931366	1357	AT1G59670.1
1	21936296	21937959	1664	AT1G59700.1
1	21936296	21937959	1664	AT1G59700.1
1	21936296	21937959	1664	AT1G59700.1
1	21936296	21937959	1664	AT1G59700.1
1	21936296	21937959	1664	AT1G59700.1
1	21936296	21937959	1664	AT1G59700.1
1	21936296	21937959	1664	AT1G59700.1
1	21936296	21937959	1664	AT1G59700.1
1	21936296	21937959	1664	AT1G59700.1
1	21936296	21937959	1664	AT1G59700.1
1	21936296	21937959	1664	AT1G59700.1
1	21936296	21937959	1664	AT1G59700.1
1	21936296	21937959	1664	AT1G59700.1
1	21936296	21937959	1664	AT1G59700.1
1	21936296	21937959	1664	AT1G59700.1
1	21936296	21937959	1664	AT1G59700.1
1	21936296	21937959	1664	AT1G59700.1
1	21936296	21937959	1664	AT1G59700.1
1	21936296	21937959	1664	AT1G59700.1
1	21936296	21937959	1664	AT1G59700.1
1	21936296	21937959	1664	AT1G59700.1
1	21936296	21937959	1664	AT1G59700.1
1	21936296	21937959	1664	AT1G59700.1
1	26334250	26335558	1309	AT1G69920.1
1	26334250	26335558	1309	AT1G69920.1
1	26334250	26335558	1309	AT1G69920.1
1	26337497	26338795	1299	AT1G69930.1
1	26337497	26338795	1299	AT1G69930.1
1	26337497	26338795	1299	AT1G69930.1
1	26337497	26338795	1299	AT1G69930.1
1	26337497	26338795	1299	AT1G69930.1
1	28023627	28024726	1100	AT1G74590.1
1	28023627	28024726	1100	AT1G74590.1
1	28023627	28024726	1100	AT1G74590.1
1	28023627	28024726	1100	AT1G74590.1
1	28023627	28024726	1100	AT1G74590.1
1	28023627	28024726	1100	AT1G74590.1
1	28023627	28024726	1100	AT1G74590.1
1	28023627	28024726	1100	AT1G74590.1
1	28023627	28024726	1100	AT1G74590.1
1	28023627	28024726	1100	AT1G74590.1
1	28023627	28024726	1100	AT1G74590.1
1	28023627	28024726	1100	AT1G74590.1
1	28250075	28251350	1276	AT1G75270.1
1	28250075	28251350	1276	AT1G75270.1
1	28250075	28251350	1276	AT1G75270.1
1	28250075	28251350	1276	AT1G75270.1
1	28250075	28251350	1276	AT1G75270.1
1	29038375	29039838	1464	AT1G77290.1
1	29038432	29039838	1407	AT1G77290.2
1	29038375	29039838	1464	AT1G77290.1
1	29038432	29039838	1407	AT1G77290.2
1	29038375	29039838	1464	AT1G77290.1
1	29038432	29039838	1407	AT1G77290.2
1	29038375	29039838	1464	AT1G77290.1
1	29038432	29039838	1407	AT1G77290.2
1	29038375	29039838	1464	AT1G77290.1
1	29038432	29039838	1407	AT1G77290.2
1	29038375	29039838	1464	AT1G77290.1
1	29038432	29039838	1407	AT1G77290.2
1	29038375	29039838	1464	AT1G77290.1
1	29038432	29039838	1407	AT1G77290.2
1	29038375	29039838	1464	AT1G77290.1
1	29038432	29039838	1407	AT1G77290.2
1	29117542	29120215	2674	AT1G77490.1
1	29117542	29120215	2674	AT1G77490.1
1	29117542	29120215	2674	AT1G77490.1
1	29117542	29120215	2674	AT1G77490.1
1	29117542	29120215	2674	AT1G77490.1
1	29117542	29120215	2674	AT1G77490.1
1	29117542	29120215	2674	AT1G77490.1
1	29117542	29120215	2674	AT1G77490.1
1	29117542	29120215	2674	AT1G77490.1
1	29117542	29120215	2674	AT1G77490.1
1	29467437	29468374	938	AT1G78320.1
1	29467437	29468374	938	AT1G78320.1
1	29467437	29468374	938	AT1G78320.1
1	29467437	29468374	938	AT1G78320.1
1	29467437	29468374	938	AT1G78320.1
1	29467437	29468374	938	AT1G78320.1
1	29467437	29468374	938	AT1G78320.1
1	29467437	29468374	938	AT1G78320.1
1	29472892	29473863	972	AT1G78340.1
1	29482070	29482966	897	AT1G78360.1
1	29482070	29482966	897	AT1G78360.1
1	29482070	29482966	897	AT1G78360.1
1	29482070	29482966	897	AT1G78360.1
1	29482070	29482966	897	AT1G78360.1
1	29482070	29482966	897	AT1G78360.1
1	29482070	29482966	897	AT1G78360.1
1	29482070	29482966	897	AT1G78360.1
1	29482070	29482966	897	AT1G78360.1
1	29482070	29482966	897	AT1G78360.1
1	29482070	29482966	897	AT1G78360.1
1	29482070	29482966	897	AT1G78360.1
1	29482070	29482966	897	AT1G78360.1
1	29482070	29482966	897	AT1G78360.1
1	29482070	29482966	897	AT1G78360.1
1	29482070	29482966	897	AT1G78360.1
1	29482070	29482966	897	AT1G78360.1
1	29484269	29485290	1022	AT1G78370.1
1	29484269	29485290	1022	AT1G78370.1
1	29484269	29485290	1022	AT1G78370.1
1	29484269	29485290	1022	AT1G78370.1
1	29484269	29485290	1022	AT1G78370.1
1	29484269	29485290	1022	AT1G78370.1
1	29484269	29485290	1022	AT1G78370.1
1	29484269	29485290	1022	AT1G78370.1
1	29484269	29485290	1022	AT1G78370.1
1	29484269	29485290	1022	AT1G78370.1
1	29484269	29485290	1022	AT1G78370.1
1	29484269	29485290	1022	AT1G78370.1
1	29484269	29485290	1022	AT1G78370.1
1	29484269	29485290	1022	AT1G78370.1
1	29484269	29485290	1022	AT1G78370.1
1	29484269	29485290	1022	AT1G78370.1
1	29486413	29487906	1494	AT1G78380.1
1	29486413	29487906	1494	AT1G78380.1
1	29486413	29487906	1494	AT1G78380.1
1	29486413	29487906	1494	AT1G78380.1
1	29486413	29487906	1494	AT1G78380.1
1	29486413	29487906	1494	AT1G78380.1
1	29486413	29487906	1494	AT1G78380.1
1	29486413	29487906	1494	AT1G78380.1
1	29486413	29487906	1494	AT1G78380.1
1	29486413	29487906	1494	AT1G78380.1
1	29972108	29975281	3174	AT1G79650.2
1	29972108	29975281	3174	AT1G79650.4
1	29972108	29975271	3164	AT1G79650.1
1	29972108	29975271	3164	AT1G79650.3
1	29972108	29975281	3174	AT1G79650.2
1	29972108	29975281	3174	AT1G79650.4
1	29972108	29975271	3164	AT1G79650.1
1	29972108	29975271	3164	AT1G79650.3
1	29972108	29975281	3174	AT1G79650.2
1	29972108	29975281	3174	AT1G79650.4
1	29972108	29975271	3164	AT1G79650.1
1	29972108	29975271	3164	AT1G79650.3
1	29972108	29975281	3174	AT1G79650.2
1	29972108	29975281	3174	AT1G79650.4
1	29972108	29975271	3164	AT1G79650.1
1	29972108	29975271	3164	AT1G79650.3
1	29972108	29975281	3174	AT1G79650.2
1	29972108	29975281	3174	AT1G79650.4
1	29972108	29975271	3164	AT1G79650.1
1	29972108	29975271	3164	AT1G79650.3
1	29972108	29975281	3174	AT1G79650.2
1	29972108	29975281	3174	AT1G79650.4
1	29972108	29975271	3164	AT1G79650.1
1	29972108	29975271	3164	AT1G79650.3
1	29972108	29975281	3174	AT1G79650.2
1	29972108	29975281	3174	AT1G79650.4
1	29972108	29975271	3164	AT1G79650.1
1	29972108	29975271	3164	AT1G79650.3
1	29972108	29975281	3174	AT1G79650.2
1	29972108	29975281	3174	AT1G79650.4
1	29972108	29975271	3164	AT1G79650.1
1	29972108	29975271	3164	AT1G79650.3
1	29972108	29975281	3174	AT1G79650.2
1	29972108	29975281	3174	AT1G79650.4
1	29972108	29975271	3164	AT1G79650.1
1	29972108	29975271	3164	AT1G79650.3
1	29972108	29975281	3174	AT1G79650.2
1	29972108	29975281	3174	AT1G79650.4
1	29972108	29975271	3164	AT1G79650.1
1	29972108	29975271	3164	AT1G79650.3
1	29972108	29975281	3174	AT1G79650.2
1	29972108	29975281	3174	AT1G79650.4
1	29972108	29975271	3164	AT1G79650.1
1	29972108	29975271	3164	AT1G79650.3
1	29972108	29975281	3174	AT1G79650.2
1	29972108	29975281	3174	AT1G79650.4
1	29972108	29975271	3164	AT1G79650.1
1	29972108	29975271	3164	AT1G79650.3
1	29972108	29975281	3174	AT1G79650.2
1	29972108	29975281	3174	AT1G79650.4
1	29972108	29975271	3164	AT1G79650.1
1	29972108	29975271	3164	AT1G79650.3
1	29972108	29975281	3174	AT1G79650.2
1	29972108	29975281	3174	AT1G79650.4
1	29972108	29975271	3164	AT1G79650.1
1	29972108	29975271	3164	AT1G79650.3
2	626842	628676	1835	AT2G02380.1
2	626842	628676	1835	AT2G02380.1
2	626842	628676	1835	AT2G02380.1
2	626842	628676	1835	AT2G02380.1
2	626842	628676	1835	AT2G02380.1
2	626842	628676	1835	AT2G02380.1
2	626842	628676	1835	AT2G02380.1
2	626842	628676	1835	AT2G02380.1
2	626842	628676	1835	AT2G02380.1
2	626842	628676	1835	AT2G02380.1
2	626842	628676	1835	AT2G02380.1
2	626842	628676	1835	AT2G02380.1
2	626842	628676	1835	AT2G02380.1
2	626842	628676	1835	AT2G02380.1
2	626842	628676	1835	AT2G02380.1
2	626842	628676	1835	AT2G02380.1
2	626842	628676	1835	AT2G02380.1
2	626842	628676	1835	AT2G02380.1
2	626842	628676	1835	AT2G02380.1
2	626842	628676	1835	AT2G02380.1
2	626842	628676	1835	AT2G02380.1
2	626842	628676	1835	AT2G02380.1
2	626842	628676	1835	AT2G02380.1
2	626842	628676	1835	AT2G02380.1
2	626842	628676	1835	AT2G02380.1
2	626842	628676	1835	AT2G02380.1
2	626842	628676	1835	AT2G02380.1
2	626842	628676	1835	AT2G02380.1
2	626842	628676	1835	AT2G02380.1
2	626842	628676	1835	AT2G02380.1
2	628899	631114	2216	AT2G02390.1
2	628899	631114	2216	AT2G02390.3
2	628899	630797	1899	AT2G02390.2
2	628899	631114	2216	AT2G02390.1
2	628899	631114	2216	AT2G02390.3
2	628899	630797	1899	AT2G02390.2
2	628899	631114	2216	AT2G02390.1
2	628899	631114	2216	AT2G02390.3
2	628899	630797	1899	AT2G02390.2
2	628899	631114	2216	AT2G02390.1
2	628899	631114	2216	AT2G02390.3
2	628899	630797	1899	AT2G02390.2
2	628899	631114	2216	AT2G02390.1
2	628899	631114	2216	AT2G02390.3
2	628899	630797	1899	AT2G02390.2
2	628899	631114	2216	AT2G02390.1
2	628899	631114	2216	AT2G02390.3
2	628899	630797	1899	AT2G02390.2
2	628899	631114	2216	AT2G02390.1
2	628899	631114	2216	AT2G02390.3
2	628899	630797	1899	AT2G02390.2
2	628899	631114	2216	AT2G02390.1
2	628899	631114	2216	AT2G02390.3
2	628899	630797	1899	AT2G02390.2
2	628899	631114	2216	AT2G02390.1
2	628899	631114	2216	AT2G02390.3
2	628899	630797	1899	AT2G02390.2
2	628899	631114	2216	AT2G02390.1
2	628899	631114	2216	AT2G02390.3
2	628899	630797	1899	AT2G02390.2
2	628899	631114	2216	AT2G02390.1
2	628899	631114	2216	AT2G02390.3
2	628899	630797	1899	AT2G02390.2
2	628899	631114	2216	AT2G02390.1
2	628899	631114	2216	AT2G02390.3
2	628899	630797	1899	AT2G02390.2
2	628899	631114	2216	AT2G02390.1
2	628899	631114	2216	AT2G02390.3
2	628899	630797	1899	AT2G02390.2
2	628899	631114	2216	AT2G02390.1
2	628899	631114	2216	AT2G02390.3
2	628899	630797	1899	AT2G02390.2
2	628899	631114	2216	AT2G02390.1
2	628899	631114	2216	AT2G02390.3
2	628899	630797	1899	AT2G02390.2
2	628899	631114	2216	AT2G02390.1
2	628899	631114	2216	AT2G02390.3
2	628899	630797	1899	AT2G02390.2
2	628899	631114	2216	AT2G02390.1
2	628899	631114	2216	AT2G02390.3
2	628899	630797	1899	AT2G02390.2
2	628899	631114	2216	AT2G02390.1
2	628899	631114	2216	AT2G02390.3
2	628899	630797	1899	AT2G02390.2
2	628899	631114	2216	AT2G02390.1
2	628899	631114	2216	AT2G02390.3
2	628899	630797	1899	AT2G02390.2
2	628899	631114	2216	AT2G02390.1
2	628899	631114	2216	AT2G02390.3
2	628899	630797	1899	AT2G02390.2
2	628899	631114	2216	AT2G02390.1
2	628899	631114	2216	AT2G02390.3
2	628899	630797	1899	AT2G02390.2
2	628899	631114	2216	AT2G02390.1
2	628899	631114	2216	AT2G02390.3
2	628899	630797	1899	AT2G02390.2
2	628899	631114	2216	AT2G02390.1
2	628899	631114	2216	AT2G02390.3
2	628899	630797	1899	AT2G02390.2
2	628899	631114	2216	AT2G02390.1
2	628899	631114	2216	AT2G02390.3
2	628899	630797	1899	AT2G02390.2
2	628899	631114	2216	AT2G02390.1
2	628899	631114	2216	AT2G02390.3
2	628899	630797	1899	AT2G02390.2
2	7872251	7873912	1662	AT2G18110.1
2	7872251	7873912	1662	AT2G18110.1
2	7872251	7873912	1662	AT2G18110.1
2	7872251	7873912	1662	AT2G18110.1
2	7872251	7873912	1662	AT2G18110.1
2	7872251	7873912	1662	AT2G18110.1
2	7872251	7873912	1662	AT2G18110.1
2	7872251	7873912	1662	AT2G18110.1
2	7872251	7873912	1662	AT2G18110.1
2	7872251	7873912	1662	AT2G18110.1
2	7872251	7873912	1662	AT2G18110.1
2	7872251	7873912	1662	AT2G18110.1
2	7872251	7873912	1662	AT2G18110.1
2	7872251	7873912	1662	AT2G18110.1
2	12617936	12618899	964	AT2G29420.1
2	12617936	12618899	964	AT2G29420.1
2	12617936	12618899	964	AT2G29420.1
2	12617936	12618899	964	AT2G29420.1
2	12617936	12618899	964	AT2G29420.1
2	12620060	12621148	1089	AT2G29440.1
2	12620060	12621148	1089	AT2G29440.1
2	12620060	12621148	1089	AT2G29440.1
2	12624586	12625637	1052	AT2G29450.1
2	12624586	12625637	1052	AT2G29450.1
2	12624586	12625637	1052	AT2G29450.1
2	12624586	12625637	1052	AT2G29450.1
2	12624586	12625637	1052	AT2G29450.1
2	12626536	12627678	1143	AT2G29460.1
2	12626536	12627678	1143	AT2G29460.1
2	12628541	12629543	1003	AT2G29470.1
2	12628541	12629543	1003	AT2G29470.1
2	12628541	12629543	1003	AT2G29470.1
2	12628541	12629543	1003	AT2G29470.1
2	12628541	12629543	1003	AT2G29470.1
2	12628541	12629543	1003	AT2G29470.1
2	12628541	12629543	1003	AT2G29470.1
2	12628541	12629543	1003	AT2G29470.1
2	12628541	12629543	1003	AT2G29470.1
2	12630198	12631321	1124	AT2G29480.1
2	12630198	12631321	1124	AT2G29480.1
2	12630198	12631321	1124	AT2G29480.1
2	12631378	12632473	1096	AT2G29490.1
3	15660859	15661925	1067	AT3G43800.1
3	15660859	15661925	1067	AT3G43800.1
3	15660859	15661925	1067	AT3G43800.1
3	15660859	15661925	1067	AT3G43800.1
3	15660859	15661925	1067	AT3G43800.1
3	15660859	15661925	1067	AT3G43800.1
3	15660859	15661925	1067	AT3G43800.1
3	15660859	15661925	1067	AT3G43800.1
3	15660859	15661925	1067	AT3G43800.1
3	15660859	15661925	1067	AT3G43800.1
3	15660859	15661925	1067	AT3G43800.1
3	15660859	15661925	1067	AT3G43800.1
3	18131829	18136343	4515	AT3G48900.2
3	18131829	18136341	4513	AT3G48900.1
3	18131829	18136343	4515	AT3G48900.2
3	18131829	18136341	4513	AT3G48900.1
3	18131829	18136343	4515	AT3G48900.2
3	18131829	18136341	4513	AT3G48900.1
3	18131829	18136343	4515	AT3G48900.2
3	18131829	18136341	4513	AT3G48900.1
3	18131829	18136343	4515	AT3G48900.2
3	18131829	18136341	4513	AT3G48900.1
3	18131829	18136343	4515	AT3G48900.2
3	18131829	18136341	4513	AT3G48900.1
3	18131829	18136343	4515	AT3G48900.2
3	18131829	18136341	4513	AT3G48900.1
3	18131829	18136343	4515	AT3G48900.2
3	18131829	18136341	4513	AT3G48900.1
3	18131829	18136343	4515	AT3G48900.2
3	18131829	18136341	4513	AT3G48900.1
3	18131829	18136343	4515	AT3G48900.2
3	18131829	18136341	4513	AT3G48900.1
3	18131829	18136343	4515	AT3G48900.2
3	18131829	18136341	4513	AT3G48900.1
3	18131829	18136343	4515	AT3G48900.2
3	18131829	18136341	4513	AT3G48900.1
3	18131829	18136343	4515	AT3G48900.2
3	18131829	18136341	4513	AT3G48900.1
3	18131829	18136343	4515	AT3G48900.2
3	18131829	18136341	4513	AT3G48900.1
3	18131829	18136343	4515	AT3G48900.2
3	18131829	18136341	4513	AT3G48900.1
3	18131829	18136343	4515	AT3G48900.2
3	18131829	18136341	4513	AT3G48900.1
3	18131829	18136343	4515	AT3G48900.2
3	18131829	18136341	4513	AT3G48900.1
3	18131829	18136343	4515	AT3G48900.2
3	18131829	18136341	4513	AT3G48900.1
3	18131829	18136343	4515	AT3G48900.2
3	18131829	18136341	4513	AT3G48900.1
3	18131829	18136343	4515	AT3G48900.2
3	18131829	18136341	4513	AT3G48900.1
3	18131829	18136343	4515	AT3G48900.2
3	18131829	18136341	4513	AT3G48900.1
3	18131829	18136343	4515	AT3G48900.2
3	18131829	18136341	4513	AT3G48900.1
3	18131829	18136343	4515	AT3G48900.2
3	18131829	18136341	4513	AT3G48900.1
3	18131829	18136343	4515	AT3G48900.2
3	18131829	18136341	4513	AT3G48900.1
3	18131829	18136343	4515	AT3G48900.2
3	18131829	18136341	4513	AT3G48900.1
3	18131829	18136343	4515	AT3G48900.2
3	18131829	18136341	4513	AT3G48900.1
3	18131829	18136343	4515	AT3G48900.2
3	18131829	18136341	4513	AT3G48900.1
3	18131829	18136343	4515	AT3G48900.2
3	18131829	18136341	4513	AT3G48900.1
3	18131829	18136343	4515	AT3G48900.2
3	18131829	18136341	4513	AT3G48900.1
3	18131829	18136343	4515	AT3G48900.2
3	18131829	18136341	4513	AT3G48900.1
3	18131829	18136343	4515	AT3G48900.2
3	18131829	18136341	4513	AT3G48900.1
3	18131829	18136343	4515	AT3G48900.2
3	18131829	18136341	4513	AT3G48900.1
3	18131829	18136343	4515	AT3G48900.2
3	18131829	18136341	4513	AT3G48900.1
3	18131829	18136343	4515	AT3G48900.2
3	18131829	18136341	4513	AT3G48900.1
3	18131829	18136343	4515	AT3G48900.2
3	18131829	18136341	4513	AT3G48900.1
3	18131829	18136343	4515	AT3G48900.2
3	18131829	18136341	4513	AT3G48900.1
3	18131829	18136343	4515	AT3G48900.2
3	18131829	18136341	4513	AT3G48900.1
3	18131829	18136343	4515	AT3G48900.2
3	18131829	18136341	4513	AT3G48900.1
3	18131829	18136343	4515	AT3G48900.2
3	18131829	18136341	4513	AT3G48900.1
3	19304991	19309574	4584	AT3G52050.2
3	19304991	19309574	4584	AT3G52050.4
3	19304993	19309580	4588	AT3G52050.5
3	19304993	19309574	4582	AT3G52050.1
3	19304993	19309574	4582	AT3G52050.3
3	19304991	19309574	4584	AT3G52050.2
3	19304991	19309574	4584	AT3G52050.4
3	19304993	19309580	4588	AT3G52050.5
3	19304993	19309574	4582	AT3G52050.1
3	19304993	19309574	4582	AT3G52050.3
3	19304991	19309574	4584	AT3G52050.2
3	19304991	19309574	4584	AT3G52050.4
3	19304993	19309580	4588	AT3G52050.5
3	19304993	19309574	4582	AT3G52050.1
3	19304993	19309574	4582	AT3G52050.3
3	19304991	19309574	4584	AT3G52050.2
3	19304991	19309574	4584	AT3G52050.4
3	19304993	19309580	4588	AT3G52050.5
3	19304993	19309574	4582	AT3G52050.1
3	19304993	19309574	4582	AT3G52050.3
3	19304991	19309574	4584	AT3G52050.2
3	19304991	19309574	4584	AT3G52050.4
3	19304993	19309580	4588	AT3G52050.5
3	19304993	19309574	4582	AT3G52050.1
3	19304993	19309574	4582	AT3G52050.3
3	19304991	19309574	4584	AT3G52050.2
3	19304991	19309574	4584	AT3G52050.4
3	19304993	19309580	4588	AT3G52050.5
3	19304993	19309574	4582	AT3G52050.1
3	19304993	19309574	4582	AT3G52050.3
3	19304991	19309574	4584	AT3G52050.2
3	19304991	19309574	4584	AT3G52050.4
3	19304993	19309580	4588	AT3G52050.5
3	19304993	19309574	4582	AT3G52050.1
3	19304993	19309574	4582	AT3G52050.3
3	19304991	19309574	4584	AT3G52050.2
3	19304991	19309574	4584	AT3G52050.4
3	19304993	19309580	4588	AT3G52050.5
3	19304993	19309574	4582	AT3G52050.1
3	19304993	19309574	4582	AT3G52050.3
3	19304991	19309574	4584	AT3G52050.2
3	19304991	19309574	4584	AT3G52050.4
3	19304993	19309580	4588	AT3G52050.5
3	19304993	19309574	4582	AT3G52050.1
3	19304993	19309574	4582	AT3G52050.3
3	19304991	19309574	4584	AT3G52050.2
3	19304991	19309574	4584	AT3G52050.4
3	19304993	19309580	4588	AT3G52050.5
3	19304993	19309574	4582	AT3G52050.1
3	19304993	19309574	4582	AT3G52050.3
3	19304991	19309574	4584	AT3G52050.2
3	19304991	19309574	4584	AT3G52050.4
3	19304993	19309580	4588	AT3G52050.5
3	19304993	19309574	4582	AT3G52050.1
3	19304993	19309574	4582	AT3G52050.3
3	19304991	19309574	4584	AT3G52050.2
3	19304991	19309574	4584	AT3G52050.4
3	19304993	19309580	4588	AT3G52050.5
3	19304993	19309574	4582	AT3G52050.1
3	19304993	19309574	4582	AT3G52050.3
3	19304991	19309574	4584	AT3G52050.2
3	19304991	19309574	4584	AT3G52050.4
3	19304993	19309580	4588	AT3G52050.5
3	19304993	19309574	4582	AT3G52050.1
3	19304993	19309574	4582	AT3G52050.3
3	19304991	19309574	4584	AT3G52050.2
3	19304991	19309574	4584	AT3G52050.4
3	19304993	19309580	4588	AT3G52050.5
3	19304993	19309574	4582	AT3G52050.1
3	19304993	19309574	4582	AT3G52050.3
3	19304991	19309574	4584	AT3G52050.2
3	19304991	19309574	4584	AT3G52050.4
3	19304993	19309580	4588	AT3G52050.5
3	19304993	19309574	4582	AT3G52050.1
3	19304993	19309574	4582	AT3G52050.3
3	19304991	19309574	4584	AT3G52050.2
3	19304991	19309574	4584	AT3G52050.4
3	19304993	19309580	4588	AT3G52050.5
3	19304993	19309574	4582	AT3G52050.1
3	19304993	19309574	4582	AT3G52050.3
3	19304991	19309574	4584	AT3G52050.2
3	19304991	19309574	4584	AT3G52050.4
3	19304993	19309580	4588	AT3G52050.5
3	19304993	19309574	4582	AT3G52050.1
3	19304993	19309574	4582	AT3G52050.3
3	19304991	19309574	4584	AT3G52050.2
3	19304991	19309574	4584	AT3G52050.4
3	19304993	19309580	4588	AT3G52050.5
3	19304993	19309574	4582	AT3G52050.1
3	19304993	19309574	4582	AT3G52050.3
3	19304991	19309574	4584	AT3G52050.2
3	19304991	19309574	4584	AT3G52050.4
3	19304993	19309580	4588	AT3G52050.5
3	19304993	19309574	4582	AT3G52050.1
3	19304993	19309574	4582	AT3G52050.3
3	19304991	19309574	4584	AT3G52050.2
3	19304991	19309574	4584	AT3G52050.4
3	19304993	19309580	4588	AT3G52050.5
3	19304993	19309574	4582	AT3G52050.1
3	19304993	19309574	4582	AT3G52050.3
3	19304991	19309574	4584	AT3G52050.2
3	19304991	19309574	4584	AT3G52050.4
3	19304993	19309580	4588	AT3G52050.5
3	19304993	19309574	4582	AT3G52050.1
3	19304993	19309574	4582	AT3G52050.3
3	19304991	19309574	4584	AT3G52050.2
3	19304991	19309574	4584	AT3G52050.4
3	19304993	19309580	4588	AT3G52050.5
3	19304993	19309574	4582	AT3G52050.1
3	19304993	19309574	4582	AT3G52050.3
3	19304991	19309574	4584	AT3G52050.2
3	19304991	19309574	4584	AT3G52050.4
3	19304993	19309580	4588	AT3G52050.5
3	19304993	19309574	4582	AT3G52050.1
3	19304993	19309574	4582	AT3G52050.3
3	19304991	19309574	4584	AT3G52050.2
3	19304991	19309574	4584	AT3G52050.4
3	19304993	19309580	4588	AT3G52050.5
3	19304993	19309574	4582	AT3G52050.1
3	19304993	19309574	4582	AT3G52050.3
3	19304991	19309574	4584	AT3G52050.2
3	19304991	19309574	4584	AT3G52050.4
3	19304993	19309580	4588	AT3G52050.5
3	19304993	19309574	4582	AT3G52050.1
3	19304993	19309574	4582	AT3G52050.3
3	19304991	19309574	4584	AT3G52050.2
3	19304991	19309574	4584	AT3G52050.4
3	19304993	19309580	4588	AT3G52050.5
3	19304993	19309574	4582	AT3G52050.1
3	19304993	19309574	4582	AT3G52050.3
3	19304991	19309574	4584	AT3G52050.2
3	19304991	19309574	4584	AT3G52050.4
3	19304993	19309580	4588	AT3G52050.5
3	19304993	19309574	4582	AT3G52050.1
3	19304993	19309574	4582	AT3G52050.3
3	19304991	19309574	4584	AT3G52050.2
3	19304991	19309574	4584	AT3G52050.4
3	19304993	19309580	4588	AT3G52050.5
3	19304993	19309574	4582	AT3G52050.1
3	19304993	19309574	4582	AT3G52050.3
3	19304991	19309574	4584	AT3G52050.2
3	19304991	19309574	4584	AT3G52050.4
3	19304993	19309580	4588	AT3G52050.5
3	19304993	19309574	4582	AT3G52050.1
3	19304993	19309574	4582	AT3G52050.3
3	19304991	19309574	4584	AT3G52050.2
3	19304991	19309574	4584	AT3G52050.4
3	19304993	19309580	4588	AT3G52050.5
3	19304993	19309574	4582	AT3G52050.1
3	19304993	19309574	4582	AT3G52050.3
3	19304991	19309574	4584	AT3G52050.2
3	19304991	19309574	4584	AT3G52050.4
3	19304993	19309580	4588	AT3G52050.5
3	19304993	19309574	4582	AT3G52050.1
3	19304993	19309574	4582	AT3G52050.3
3	19304991	19309574	4584	AT3G52050.2
3	19304991	19309574	4584	AT3G52050.4
3	19304993	19309580	4588	AT3G52050.5
3	19304993	19309574	4582	AT3G52050.1
3	19304993	19309574	4582	AT3G52050.3
3	19304991	19309574	4584	AT3G52050.2
3	19304991	19309574	4584	AT3G52050.4
3	19304993	19309580	4588	AT3G52050.5
3	19304993	19309574	4582	AT3G52050.1
3	19304993	19309574	4582	AT3G52050.3
3	19304991	19309574	4584	AT3G52050.2
3	19304991	19309574	4584	AT3G52050.4
3	19304993	19309580	4588	AT3G52050.5
3	19304993	19309574	4582	AT3G52050.1
3	19304993	19309574	4582	AT3G52050.3
3	19304991	19309574	4584	AT3G52050.2
3	19304991	19309574	4584	AT3G52050.4
3	19304993	19309580	4588	AT3G52050.5
3	19304993	19309574	4582	AT3G52050.1
3	19304993	19309574	4582	AT3G52050.3
3	19304991	19309574	4584	AT3G52050.2
3	19304991	19309574	4584	AT3G52050.4
3	19304993	19309580	4588	AT3G52050.5
3	19304993	19309574	4582	AT3G52050.1
3	19304993	19309574	4582	AT3G52050.3
3	19304991	19309574	4584	AT3G52050.2
3	19304991	19309574	4584	AT3G52050.4
3	19304993	19309580	4588	AT3G52050.5
3	19304993	19309574	4582	AT3G52050.1
3	19304993	19309574	4582	AT3G52050.3
3	19304991	19309574	4584	AT3G52050.2
3	19304991	19309574	4584	AT3G52050.4
3	19304993	19309580	4588	AT3G52050.5
3	19304993	19309574	4582	AT3G52050.1
3	19304993	19309574	4582	AT3G52050.3
3	19304991	19309574	4584	AT3G52050.2
3	19304991	19309574	4584	AT3G52050.4
3	19304993	19309580	4588	AT3G52050.5
3	19304993	19309574	4582	AT3G52050.1
3	19304993	19309574	4582	AT3G52050.3
3	19304991	19309574	4584	AT3G52050.2
3	19304991	19309574	4584	AT3G52050.4
3	19304993	19309580	4588	AT3G52050.5
3	19304993	19309574	4582	AT3G52050.1
3	19304993	19309574	4582	AT3G52050.3
3	19304991	19309574	4584	AT3G52050.2
3	19304991	19309574	4584	AT3G52050.4
3	19304993	19309580	4588	AT3G52050.5
3	19304993	19309574	4582	AT3G52050.1
3	19304993	19309574	4582	AT3G52050.3
3	19304991	19309574	4584	AT3G52050.2
3	19304991	19309574	4584	AT3G52050.4
3	19304993	19309580	4588	AT3G52050.5
3	19304993	19309574	4582	AT3G52050.1
3	19304993	19309574	4582	AT3G52050.3
3	19304991	19309574	4584	AT3G52050.2
3	19304991	19309574	4584	AT3G52050.4
3	19304993	19309580	4588	AT3G52050.5
3	19304993	19309574	4582	AT3G52050.1
3	19304993	19309574	4582	AT3G52050.3
3	19304991	19309574	4584	AT3G52050.2
3	19304991	19309574	4584	AT3G52050.4
3	19304993	19309580	4588	AT3G52050.5
3	19304993	19309574	4582	AT3G52050.1
3	19304993	19309574	4582	AT3G52050.3
3	19304991	19309574	4584	AT3G52050.2
3	19304991	19309574	4584	AT3G52050.4
3	19304993	19309580	4588	AT3G52050.5
3	19304993	19309574	4582	AT3G52050.1
3	19304993	19309574	4582	AT3G52050.3
3	19304991	19309574	4584	AT3G52050.2
3	19304991	19309574	4584	AT3G52050.4
3	19304993	19309580	4588	AT3G52050.5
3	19304993	19309574	4582	AT3G52050.1
3	19304993	19309574	4582	AT3G52050.3
3	19304991	19309574	4584	AT3G52050.2
3	19304991	19309574	4584	AT3G52050.4
3	19304993	19309580	4588	AT3G52050.5
3	19304993	19309574	4582	AT3G52050.1
3	19304993	19309574	4582	AT3G52050.3
3	19304991	19309574	4584	AT3G52050.2
3	19304991	19309574	4584	AT3G52050.4
3	19304993	19309580	4588	AT3G52050.5
3	19304993	19309574	4582	AT3G52050.1
3	19304993	19309574	4582	AT3G52050.3
3	19304991	19309574	4584	AT3G52050.2
3	19304991	19309574	4584	AT3G52050.4
3	19304993	19309580	4588	AT3G52050.5
3	19304993	19309574	4582	AT3G52050.1
3	19304993	19309574	4582	AT3G52050.3
3	19304991	19309574	4584	AT3G52050.2
3	19304991	19309574	4584	AT3G52050.4
3	19304993	19309580	4588	AT3G52050.5
3	19304993	19309574	4582	AT3G52050.1
3	19304993	19309574	4582	AT3G52050.3
3	19304991	19309574	4584	AT3G52050.2
3	19304991	19309574	4584	AT3G52050.4
3	19304993	19309580	4588	AT3G52050.5
3	19304993	19309574	4582	AT3G52050.1
3	19304993	19309574	4582	AT3G52050.3
3	19304991	19309574	4584	AT3G52050.2
3	19304991	19309574	4584	AT3G52050.4
3	19304993	19309580	4588	AT3G52050.5
3	19304993	19309574	4582	AT3G52050.1
3	19304993	19309574	4582	AT3G52050.3
3	19304991	19309574	4584	AT3G52050.2
3	19304991	19309574	4584	AT3G52050.4
3	19304993	19309580	4588	AT3G52050.5
3	19304993	19309574	4582	AT3G52050.1
3	19304993	19309574	4582	AT3G52050.3
3	19304991	19309574	4584	AT3G52050.2
3	19304991	19309574	4584	AT3G52050.4
3	19304993	19309580	4588	AT3G52050.5
3	19304993	19309574	4582	AT3G52050.1
3	19304993	19309574	4582	AT3G52050.3
3	19304991	19309574	4584	AT3G52050.2
3	19304991	19309574	4584	AT3G52050.4
3	19304993	19309580	4588	AT3G52050.5
3	19304993	19309574	4582	AT3G52050.1
3	19304993	19309574	4582	AT3G52050.3
3	19304991	19309574	4584	AT3G52050.2
3	19304991	19309574	4584	AT3G52050.4
3	19304993	19309580	4588	AT3G52050.5
3	19304993	19309574	4582	AT3G52050.1
3	19304993	19309574	4582	AT3G52050.3
3	19304991	19309574	4584	AT3G52050.2
3	19304991	19309574	4584	AT3G52050.4
3	19304993	19309580	4588	AT3G52050.5
3	19304993	19309574	4582	AT3G52050.1
3	19304993	19309574	4582	AT3G52050.3
3	19304991	19309574	4584	AT3G52050.2
3	19304991	19309574	4584	AT3G52050.4
3	19304993	19309580	4588	AT3G52050.5
3	19304993	19309574	4582	AT3G52050.1
3	19304993	19309574	4582	AT3G52050.3
3	19304991	19309574	4584	AT3G52050.2
3	19304991	19309574	4584	AT3G52050.4
3	19304993	19309580	4588	AT3G52050.5
3	19304993	19309574	4582	AT3G52050.1
3	19304993	19309574	4582	AT3G52050.3
3	19304991	19309574	4584	AT3G52050.2
3	19304991	19309574	4584	AT3G52050.4
3	19304993	19309580	4588	AT3G52050.5
3	19304993	19309574	4582	AT3G52050.1
3	19304993	19309574	4582	AT3G52050.3
3	19304991	19309574	4584	AT3G52050.2
3	19304991	19309574	4584	AT3G52050.4
3	19304993	19309580	4588	AT3G52050.5
3	19304993	19309574	4582	AT3G52050.1
3	19304993	19309574	4582	AT3G52050.3
3	20398538	20400346	1809	AT3G55040.1
3	20398538	20400346	1809	AT3G55040.1
3	20398538	20400346	1809	AT3G55040.1
3	20398538	20400346	1809	AT3G55040.1
3	20398538	20400346	1809	AT3G55040.1
3	20398538	20400346	1809	AT3G55040.1
3	20398538	20400346	1809	AT3G55040.1
3	23217425	23218246	822	AT3G62760.1
3	23217425	23218246	822	AT3G62760.1
3	23217425	23218246	822	AT3G62760.1
3	23217425	23218246	822	AT3G62760.1
3	23217425	23218246	822	AT3G62760.1
3	23217425	23218246	822	AT3G62760.1
3	23217425	23218246	822	AT3G62760.1
3	23217425	23218246	822	AT3G62760.1
3	23217425	23218246	822	AT3G62760.1
3	23217425	23218246	822	AT3G62760.1
3	23217425	23218246	822	AT3G62760.1
3	23217425	23218246	822	AT3G62760.1
3	23217425	23218246	822	AT3G62760.1
3	23217425	23218246	822	AT3G62760.1
3	23217425	23218246	822	AT3G62760.1
4	1110452	1111660	1209	AT4G02520.1
4	1110452	1111660	1209	AT4G02520.1
4	1110452	1111660	1209	AT4G02520.1
4	1110452	1111660	1209	AT4G02520.1
4	1110452	1111660	1209	AT4G02520.1
4	5314905	5317456	2552	AT4G08390.1
4	5314905	5317456	2552	AT4G08390.3
4	5314905	5317456	2552	AT4G08390.4
4	5314905	5317432	2528	AT4G08390.2
4	5314905	5317456	2552	AT4G08390.1
4	5314905	5317456	2552	AT4G08390.3
4	5314905	5317456	2552	AT4G08390.4
4	5314905	5317432	2528	AT4G08390.2
4	5314905	5317456	2552	AT4G08390.1
4	5314905	5317456	2552	AT4G08390.3
4	5314905	5317456	2552	AT4G08390.4
4	5314905	5317432	2528	AT4G08390.2
4	5314905	5317456	2552	AT4G08390.1
4	5314905	5317456	2552	AT4G08390.3
4	5314905	5317456	2552	AT4G08390.4
4	5314905	5317432	2528	AT4G08390.2
4	5314905	5317456	2552	AT4G08390.1
4	5314905	5317456	2552	AT4G08390.3
4	5314905	5317456	2552	AT4G08390.4
4	5314905	5317432	2528	AT4G08390.2
4	5314905	5317456	2552	AT4G08390.1
4	5314905	5317456	2552	AT4G08390.3
4	5314905	5317456	2552	AT4G08390.4
4	5314905	5317432	2528	AT4G08390.2
4	5314905	5317456	2552	AT4G08390.1
4	5314905	5317456	2552	AT4G08390.3
4	5314905	5317456	2552	AT4G08390.4
4	5314905	5317432	2528	AT4G08390.2
4	5314905	5317456	2552	AT4G08390.1
4	5314905	5317456	2552	AT4G08390.3
4	5314905	5317456	2552	AT4G08390.4
4	5314905	5317432	2528	AT4G08390.2
4	5314905	5317456	2552	AT4G08390.1
4	5314905	5317456	2552	AT4G08390.3
4	5314905	5317456	2552	AT4G08390.4
4	5314905	5317432	2528	AT4G08390.2
4	5314905	5317456	2552	AT4G08390.1
4	5314905	5317456	2552	AT4G08390.3
4	5314905	5317456	2552	AT4G08390.4
4	5314905	5317432	2528	AT4G08390.2
4	5314905	5317456	2552	AT4G08390.1
4	5314905	5317456	2552	AT4G08390.3
4	5314905	5317456	2552	AT4G08390.4
4	5314905	5317432	2528	AT4G08390.2
4	5314905	5317456	2552	AT4G08390.1
4	5314905	5317456	2552	AT4G08390.3
4	5314905	5317456	2552	AT4G08390.4
4	5314905	5317432	2528	AT4G08390.2
4	5314905	5317456	2552	AT4G08390.1
4	5314905	5317456	2552	AT4G08390.3
4	5314905	5317456	2552	AT4G08390.4
4	5314905	5317432	2528	AT4G08390.2
4	5314905	5317456	2552	AT4G08390.1
4	5314905	5317456	2552	AT4G08390.3
4	5314905	5317456	2552	AT4G08390.4
4	5314905	5317432	2528	AT4G08390.2
4	5314905	5317456	2552	AT4G08390.1
4	5314905	5317456	2552	AT4G08390.3
4	5314905	5317456	2552	AT4G08390.4
4	5314905	5317432	2528	AT4G08390.2
4	5314905	5317456	2552	AT4G08390.1
4	5314905	5317456	2552	AT4G08390.3
4	5314905	5317456	2552	AT4G08390.4
4	5314905	5317432	2528	AT4G08390.2
4	5314905	5317456	2552	AT4G08390.1
4	5314905	5317456	2552	AT4G08390.3
4	5314905	5317456	2552	AT4G08390.4
4	5314905	5317432	2528	AT4G08390.2
4	5314905	5317456	2552	AT4G08390.1
4	5314905	5317456	2552	AT4G08390.3
4	5314905	5317456	2552	AT4G08390.4
4	5314905	5317432	2528	AT4G08390.2
4	5314905	5317456	2552	AT4G08390.1
4	5314905	5317456	2552	AT4G08390.3
4	5314905	5317456	2552	AT4G08390.4
4	5314905	5317432	2528	AT4G08390.2
4	5314905	5317456	2552	AT4G08390.1
4	5314905	5317456	2552	AT4G08390.3
4	5314905	5317456	2552	AT4G08390.4
4	5314905	5317432	2528	AT4G08390.2
4	5314905	5317456	2552	AT4G08390.1
4	5314905	5317456	2552	AT4G08390.3
4	5314905	5317456	2552	AT4G08390.4
4	5314905	5317432	2528	AT4G08390.2
4	5314905	5317456	2552	AT4G08390.1
4	5314905	5317456	2552	AT4G08390.3
4	5314905	5317456	2552	AT4G08390.4
4	5314905	5317432	2528	AT4G08390.2
4	5314905	5317456	2552	AT4G08390.1
4	5314905	5317456	2552	AT4G08390.3
4	5314905	5317456	2552	AT4G08390.4
4	5314905	5317432	2528	AT4G08390.2
4	5314905	5317456	2552	AT4G08390.1
4	5314905	5317456	2552	AT4G08390.3
4	5314905	5317456	2552	AT4G08390.4
4	5314905	5317432	2528	AT4G08390.2
4	5314905	5317456	2552	AT4G08390.1
4	5314905	5317456	2552	AT4G08390.3
4	5314905	5317456	2552	AT4G08390.4
4	5314905	5317432	2528	AT4G08390.2
4	5314905	5317456	2552	AT4G08390.1
4	5314905	5317456	2552	AT4G08390.3
4	5314905	5317456	2552	AT4G08390.4
4	5314905	5317432	2528	AT4G08390.2
4	5314905	5317456	2552	AT4G08390.1
4	5314905	5317456	2552	AT4G08390.3
4	5314905	5317456	2552	AT4G08390.4
4	5314905	5317432	2528	AT4G08390.2
4	6260310	6263181	2872	AT4G10000.2
4	6260310	6263181	2872	AT4G10000.2
4	6260310	6263181	2872	AT4G10000.2
4	6260310	6263181	2872	AT4G10000.2
4	6260310	6263181	2872	AT4G10000.2
4	6260310	6263181	2872	AT4G10000.2
4	6260310	6263181	2872	AT4G10000.2
4	6260310	6263181	2872	AT4G10000.2
4	6260469	6263156	2688	AT4G10000.1
4	6260310	6263181	2872	AT4G10000.2
4	6260469	6263156	2688	AT4G10000.1
4	6260310	6263181	2872	AT4G10000.2
4	6260469	6263156	2688	AT4G10000.1
4	6260310	6263181	2872	AT4G10000.2
4	6260469	6263156	2688	AT4G10000.1
4	6260310	6263181	2872	AT4G10000.2
4	6260469	6263156	2688	AT4G10000.1
4	6260310	6263181	2872	AT4G10000.2
4	6260469	6263156	2688	AT4G10000.1
4	6260310	6263181	2872	AT4G10000.2
4	6260469	6263156	2688	AT4G10000.1
4	6260310	6263181	2872	AT4G10000.2
4	6260469	6263156	2688	AT4G10000.1
4	6260310	6263181	2872	AT4G10000.2
4	6260469	6263156	2688	AT4G10000.1
4	6260310	6263181	2872	AT4G10000.2
4	6260469	6263156	2688	AT4G10000.1
4	6260310	6263181	2872	AT4G10000.2
4	6260469	6263156	2688	AT4G10000.1
4	6260310	6263181	2872	AT4G10000.2
4	6260469	6263156	2688	AT4G10000.1
4	6260310	6263181	2872	AT4G10000.2
4	6260469	6263156	2688	AT4G10000.1
4	6260310	6263181	2872	AT4G10000.2
4	6260469	6263156	2688	AT4G10000.1
4	6260310	6263181	2872	AT4G10000.2
4	6260469	6263156	2688	AT4G10000.1
4	6260310	6263181	2872	AT4G10000.2
4	6260469	6263156	2688	AT4G10000.1
4	6260310	6263181	2872	AT4G10000.2
4	6260469	6263156	2688	AT4G10000.1
4	6260310	6263181	2872	AT4G10000.2
4	6260469	6263156	2688	AT4G10000.1
4	6260310	6263181	2872	AT4G10000.2
4	6260469	6263156	2688	AT4G10000.1
4	6260310	6263181	2872	AT4G10000.2
4	6260469	6263156	2688	AT4G10000.1
4	6260310	6263181	2872	AT4G10000.2
4	6260469	6263156	2688	AT4G10000.1
4	6260310	6263181	2872	AT4G10000.2
4	6260469	6263156	2688	AT4G10000.1
4	6260310	6263181	2872	AT4G10000.2
4	6260469	6263156	2688	AT4G10000.1
4	6260310	6263181	2872	AT4G10000.2
4	6260469	6263156	2688	AT4G10000.1
4	6260310	6263181	2872	AT4G10000.2
4	6260469	6263156	2688	AT4G10000.1
4	6260310	6263181	2872	AT4G10000.2
4	6260469	6263156	2688	AT4G10000.1
4	6260310	6263181	2872	AT4G10000.2
4	6260469	6263156	2688	AT4G10000.1
4	6260310	6263181	2872	AT4G10000.2
4	6260469	6263156	2688	AT4G10000.1
4	6260310	6263181	2872	AT4G10000.2
4	6260469	6263156	2688	AT4G10000.1
4	6260310	6263181	2872	AT4G10000.2
4	6260469	6263156	2688	AT4G10000.1
4	6260310	6263181	2872	AT4G10000.2
4	6260469	6263156	2688	AT4G10000.1
4	6260310	6263181	2872	AT4G10000.2
4	6260469	6263156	2688	AT4G10000.1
4	6260310	6263181	2872	AT4G10000.2
4	6260469	6263156	2688	AT4G10000.1
4	6260310	6263181	2872	AT4G10000.2
4	6260469	6263156	2688	AT4G10000.1
4	6260310	6263181	2872	AT4G10000.2
4	6260469	6263156	2688	AT4G10000.1
4	6260310	6263181	2872	AT4G10000.2
4	6260469	6263156	2688	AT4G10000.1
4	6260310	6263181	2872	AT4G10000.2
4	6260469	6263156	2688	AT4G10000.1
4	6260310	6263181	2872	AT4G10000.2
4	6260469	6263156	2688	AT4G10000.1
4	6260310	6263181	2872	AT4G10000.2
4	6260469	6263156	2688	AT4G10000.1
4	6260310	6263181	2872	AT4G10000.2
4	6260469	6263156	2688	AT4G10000.1
4	6260310	6263181	2872	AT4G10000.2
4	6260469	6263156	2688	AT4G10000.1
4	6260310	6263181	2872	AT4G10000.2
4	6260469	6263156	2688	AT4G10000.1
4	10784391	10786556	2166	AT4G19880.1
4	10784391	10786439	2049	AT4G19880.3
4	10784391	10786423	2033	AT4G19880.2
4	10784391	10786556	2166	AT4G19880.1
4	10784391	10786439	2049	AT4G19880.3
4	10784391	10786423	2033	AT4G19880.2
4	10784391	10786556	2166	AT4G19880.1
4	10784391	10786439	2049	AT4G19880.3
4	10784391	10786423	2033	AT4G19880.2
4	10784391	10786556	2166	AT4G19880.1
4	10784391	10786439	2049	AT4G19880.3
4	10784391	10786423	2033	AT4G19880.2
4	10784391	10786556	2166	AT4G19880.1
4	10784391	10786439	2049	AT4G19880.3
4	10784391	10786423	2033	AT4G19880.2
4	10784391	10786556	2166	AT4G19880.1
4	10784391	10786439	2049	AT4G19880.3
4	10784391	10786423	2033	AT4G19880.2
4	10784391	10786556	2166	AT4G19880.1
4	10784391	10786439	2049	AT4G19880.3
4	10784391	10786423	2033	AT4G19880.2
4	10784391	10786556	2166	AT4G19880.1
4	10784391	10786439	2049	AT4G19880.3
4	10784391	10786423	2033	AT4G19880.2
4	10784391	10786556	2166	AT4G19880.1
4	10784391	10786439	2049	AT4G19880.3
4	10784391	10786423	2033	AT4G19880.2
4	10784391	10786556	2166	AT4G19880.1
4	10784391	10786439	2049	AT4G19880.3
4	10784391	10786423	2033	AT4G19880.2
4	10784391	10786556	2166	AT4G19880.1
4	10784391	10786439	2049	AT4G19880.3
4	10784391	10786423	2033	AT4G19880.2
4	10784391	10786556	2166	AT4G19880.1
4	10784391	10786439	2049	AT4G19880.3
4	10784391	10786423	2033	AT4G19880.2
4	10784391	10786556	2166	AT4G19880.1
4	10784391	10786439	2049	AT4G19880.3
4	10784391	10786423	2033	AT4G19880.2
4	10784391	10786556	2166	AT4G19880.1
4	10784391	10786439	2049	AT4G19880.3
4	10784391	10786423	2033	AT4G19880.2
4	10784391	10786556	2166	AT4G19880.1
4	10784391	10786439	2049	AT4G19880.3
4	10784391	10786423	2033	AT4G19880.2
4	10784391	10786556	2166	AT4G19880.1
4	10784391	10786439	2049	AT4G19880.3
4	10784391	10786423	2033	AT4G19880.2
4	10784391	10786556	2166	AT4G19880.1
4	10784391	10786439	2049	AT4G19880.3
4	10784391	10786423	2033	AT4G19880.2
4	10784391	10786556	2166	AT4G19880.1
4	10784391	10786439	2049	AT4G19880.3
4	10784391	10786423	2033	AT4G19880.2
4	10784391	10786556	2166	AT4G19880.1
4	10784391	10786439	2049	AT4G19880.3
4	10784391	10786423	2033	AT4G19880.2
4	10784391	10786556	2166	AT4G19880.1
4	10784391	10786439	2049	AT4G19880.3
4	10784391	10786423	2033	AT4G19880.2
4	10784391	10786556	2166	AT4G19880.1
4	10784391	10786439	2049	AT4G19880.3
4	10784391	10786423	2033	AT4G19880.2
4	10784391	10786556	2166	AT4G19880.1
4	10784391	10786439	2049	AT4G19880.3
4	10784391	10786423	2033	AT4G19880.2
4	10784391	10786556	2166	AT4G19880.1
4	10784391	10786439	2049	AT4G19880.3
4	10784391	10786423	2033	AT4G19880.2
4	10784391	10786556	2166	AT4G19880.1
4	10784391	10786439	2049	AT4G19880.3
4	10784391	10786423	2033	AT4G19880.2
4	10784391	10786556	2166	AT4G19880.1
4	10784391	10786439	2049	AT4G19880.3
4	10784391	10786423	2033	AT4G19880.2
4	10784391	10786556	2166	AT4G19880.1
4	10784391	10786439	2049	AT4G19880.3
4	10784391	10786423	2033	AT4G19880.2
4	10784391	10786556	2166	AT4G19880.1
4	10784391	10786439	2049	AT4G19880.3
4	10784391	10786423	2033	AT4G19880.2
4	10784391	10786556	2166	AT4G19880.1
4	10784391	10786439	2049	AT4G19880.3
4	10784391	10786423	2033	AT4G19880.2
4	10784391	10786556	2166	AT4G19880.1
4	10784391	10786439	2049	AT4G19880.3
4	10784391	10786423	2033	AT4G19880.2
4	10784391	10786556	2166	AT4G19880.1
4	10784391	10786439	2049	AT4G19880.3
4	10784391	10786423	2033	AT4G19880.2
4	10784391	10786556	2166	AT4G19880.1
4	10784391	10786439	2049	AT4G19880.3
4	10784391	10786423	2033	AT4G19880.2
4	10784391	10786556	2166	AT4G19880.1
4	10784391	10786439	2049	AT4G19880.3
4	10784391	10786423	2033	AT4G19880.2
4	10784391	10786556	2166	AT4G19880.1
4	10784391	10786439	2049	AT4G19880.3
4	10784391	10786423	2033	AT4G19880.2
4	10784391	10786556	2166	AT4G19880.1
4	10784391	10786439	2049	AT4G19880.3
4	10784391	10786423	2033	AT4G19880.2
4	10784391	10786556	2166	AT4G19880.1
4	10784391	10786439	2049	AT4G19880.3
4	10784391	10786423	2033	AT4G19880.2
4	10784391	10786556	2166	AT4G19880.1
4	10784391	10786439	2049	AT4G19880.3
4	10784391	10786423	2033	AT4G19880.2
4	10784391	10786556	2166	AT4G19880.1
4	10784391	10786439	2049	AT4G19880.3
4	10784391	10786423	2033	AT4G19880.2
4	10784391	10786556	2166	AT4G19880.1
4	10784391	10786439	2049	AT4G19880.3
4	10784391	10786423	2033	AT4G19880.2
4	10784391	10786556	2166	AT4G19880.1
4	10784391	10786439	2049	AT4G19880.3
4	10784391	10786423	2033	AT4G19880.2
4	10784391	10786556	2166	AT4G19880.1
4	10784391	10786439	2049	AT4G19880.3
4	10784391	10786423	2033	AT4G19880.2
4	10784391	10786556	2166	AT4G19880.1
4	10784391	10786439	2049	AT4G19880.3
4	10784391	10786423	2033	AT4G19880.2
4	10784391	10786556	2166	AT4G19880.1
4	10784391	10786439	2049	AT4G19880.3
4	10784391	10786423	2033	AT4G19880.2
4	10784391	10786556	2166	AT4G19880.1
4	10784391	10786439	2049	AT4G19880.3
4	10784391	10786423	2033	AT4G19880.2
4	10784391	10786556	2166	AT4G19880.1
4	10784391	10786439	2049	AT4G19880.3
4	10784391	10786423	2033	AT4G19880.2
4	10784391	10786556	2166	AT4G19880.1
4	10784391	10786439	2049	AT4G19880.3
4	10784391	10786423	2033	AT4G19880.2
4	10784391	10786556	2166	AT4G19880.1
4	10784391	10786439	2049	AT4G19880.3
4	10784391	10786423	2033	AT4G19880.2
4	10784391	10786556	2166	AT4G19880.1
4	10784391	10786439	2049	AT4G19880.3
4	10784391	10786423	2033	AT4G19880.2
4	10784391	10786556	2166	AT4G19880.1
4	10784391	10786439	2049	AT4G19880.3
4	10784391	10786423	2033	AT4G19880.2
4	10784391	10786556	2166	AT4G19880.1
4	10784391	10786439	2049	AT4G19880.3
4	10784391	10786423	2033	AT4G19880.2
4	10784391	10786556	2166	AT4G19880.1
4	10784391	10786439	2049	AT4G19880.3
4	10784391	10786423	2033	AT4G19880.2
4	10784391	10786556	2166	AT4G19880.1
4	10784391	10786439	2049	AT4G19880.3
4	10784391	10786423	2033	AT4G19880.2
4	10784391	10786556	2166	AT4G19880.1
4	10784391	10786439	2049	AT4G19880.3
4	10784391	10786423	2033	AT4G19880.2
4	10784391	10786556	2166	AT4G19880.1
4	10784391	10786439	2049	AT4G19880.3
4	10784391	10786423	2033	AT4G19880.2
4	10784391	10786556	2166	AT4G19880.1
4	10784391	10786439	2049	AT4G19880.3
4	10784391	10786423	2033	AT4G19880.2
4	10784391	10786556	2166	AT4G19880.1
4	10784391	10786439	2049	AT4G19880.3
4	10784391	10786423	2033	AT4G19880.2
4	10784391	10786556	2166	AT4G19880.1
4	10784391	10786439	2049	AT4G19880.3
4	10784391	10786423	2033	AT4G19880.2
4	10784391	10786556	2166	AT4G19880.1
4	10784391	10786439	2049	AT4G19880.3
4	10784391	10786423	2033	AT4G19880.2
4	10784391	10786556	2166	AT4G19880.1
4	10784391	10786439	2049	AT4G19880.3
4	10784391	10786423	2033	AT4G19880.2
4	10784391	10786556	2166	AT4G19880.1
4	10784391	10786439	2049	AT4G19880.3
4	10784391	10786423	2033	AT4G19880.2
4	10784391	10786556	2166	AT4G19880.1
4	10784391	10786439	2049	AT4G19880.3
4	10784391	10786423	2033	AT4G19880.2
4	10784391	10786556	2166	AT4G19880.1
4	10784391	10786439	2049	AT4G19880.3
4	10784391	10786423	2033	AT4G19880.2
4	10784391	10786556	2166	AT4G19880.1
4	10784391	10786439	2049	AT4G19880.3
4	10784391	10786423	2033	AT4G19880.2
4	10784391	10786556	2166	AT4G19880.1
4	10784391	10786439	2049	AT4G19880.3
4	10784391	10786423	2033	AT4G19880.2
4	10784391	10786556	2166	AT4G19880.1
4	10784391	10786439	2049	AT4G19880.3
4	10784391	10786423	2033	AT4G19880.2
4	10784391	10786556	2166	AT4G19880.1
4	10784391	10786439	2049	AT4G19880.3
4	10784391	10786423	2033	AT4G19880.2
4	10784391	10786556	2166	AT4G19880.1
4	10784391	10786439	2049	AT4G19880.3
4	10784391	10786423	2033	AT4G19880.2
4	10784391	10786556	2166	AT4G19880.1
4	10784391	10786556	2166	AT4G19880.1
4	10784391	10786556	2166	AT4G19880.1
4	15602721	15605400	2680	AT4G32320.1
4	15602721	15605400	2680	AT4G32320.1
4	15602721	15605400	2680	AT4G32320.1
4	15602721	15605400	2680	AT4G32320.1
4	16664822	16667718	2897	AT4G35000.1
4	16664822	16667718	2897	AT4G35000.1
4	16664822	16667718	2897	AT4G35000.1
4	16664822	16667718	2897	AT4G35000.1
4	16664822	16667718	2897	AT4G35000.1
4	16664822	16667718	2897	AT4G35000.1
4	16664822	16667718	2897	AT4G35000.1
4	16664822	16667718	2897	AT4G35000.1
4	16664822	16667718	2897	AT4G35000.1
4	16664822	16667718	2897	AT4G35000.1
4	16664822	16667718	2897	AT4G35000.1
4	16664822	16667718	2897	AT4G35000.1
4	16664822	16667718	2897	AT4G35000.1
4	16664822	16667718	2897	AT4G35000.1
4	16664822	16667718	2897	AT4G35000.1
4	16664822	16667718	2897	AT4G35000.1
4	16664822	16667718	2897	AT4G35000.1
4	16664822	16667718	2897	AT4G35000.1
4	16664822	16667718	2897	AT4G35000.1
4	16664822	16667718	2897	AT4G35000.1
4	16664822	16667718	2897	AT4G35000.1
4	16664822	16667718	2897	AT4G35000.1
4	16664822	16667718	2897	AT4G35000.1
4	16664822	16667718	2897	AT4G35000.1
4	16664822	16667718	2897	AT4G35000.1
4	16664822	16667718	2897	AT4G35000.1
4	16664822	16667718	2897	AT4G35000.1
4	16664822	16667718	2897	AT4G35000.1
4	16664822	16667718	2897	AT4G35000.1
4	17028606	17030293	1688	AT4G35970.1
4	17028606	17030293	1688	AT4G35970.1
4	17028606	17030293	1688	AT4G35970.1
4	17028606	17030293	1688	AT4G35970.1
4	17028606	17030293	1688	AT4G35970.1
4	17028606	17030293	1688	AT4G35970.1
4	17028606	17030293	1688	AT4G35970.1
4	17028606	17030293	1688	AT4G35970.1
4	17028606	17030293	1688	AT4G35970.1
4	17028606	17030293	1688	AT4G35970.1
4	17028606	17030293	1688	AT4G35970.1
4	17028606	17030293	1688	AT4G35970.1
5	630876	632683	1808	AT5G02780.1
5	630876	632683	1808	AT5G02780.2
5	630876	632683	1808	AT5G02780.1
5	630876	632683	1808	AT5G02780.2
5	630876	632683	1808	AT5G02780.1
5	630876	632683	1808	AT5G02780.2
5	630876	632683	1808	AT5G02780.1
5	630876	632683	1808	AT5G02780.2
5	630876	632683	1808	AT5G02780.1
5	630876	632683	1808	AT5G02780.2
5	632796	635125	2330	AT5G02790.1
5	632796	635125	2330	AT5G02790.1
5	632796	635125	2330	AT5G02790.1
5	632796	635125	2330	AT5G02790.1
5	632796	635125	2330	AT5G02790.1
5	632796	635125	2330	AT5G02790.1
5	632796	635125	2330	AT5G02790.1
5	632796	635125	2330	AT5G02790.1
5	632796	635125	2330	AT5G02790.1
5	632796	635125	2330	AT5G02790.1
5	632796	635125	2330	AT5G02790.1
5	632796	635125	2330	AT5G02790.1
5	632796	635125	2330	AT5G02790.1
5	632796	635125	2330	AT5G02790.1
5	632796	635125	2330	AT5G02790.1
5	632796	635125	2330	AT5G02790.1
5	632796	635125	2330	AT5G02790.1
5	632796	635125	2330	AT5G02790.1
5	632796	635125	2330	AT5G02790.1
5	632796	635125	2330	AT5G02790.1
5	632796	635125	2330	AT5G02790.1
5	632796	635125	2330	AT5G02790.1
5	632796	635125	2330	AT5G02790.1
5	632796	635125	2330	AT5G02790.1
5	632796	635125	2330	AT5G02790.1
5	632796	635125	2330	AT5G02790.1
5	632796	635125	2330	AT5G02790.1
5	632796	635125	2330	AT5G02790.1
5	632796	635125	2330	AT5G02790.1
5	632796	635125	2330	AT5G02790.1
5	632796	635125	2330	AT5G02790.1
5	632796	635125	2330	AT5G02790.1
5	632796	635125	2330	AT5G02790.1
5	632796	635125	2330	AT5G02790.1
5	632796	635125	2330	AT5G02790.1
5	632796	635125	2330	AT5G02790.1
5	632796	635125	2330	AT5G02790.1
5	1038508	1041480	2973	AT5G03880.1
5	1038508	1041480	2973	AT5G03880.1
5	1038508	1041480	2973	AT5G03880.1
5	1038508	1041480	2973	AT5G03880.1
5	1038508	1041480	2973	AT5G03880.1
5	1038508	1041480	2973	AT5G03880.1
5	1038508	1041480	2973	AT5G03880.1
5	1038508	1041480	2973	AT5G03880.1
5	1038508	1041480	2973	AT5G03880.1
5	1038508	1041480	2973	AT5G03880.1
5	1038508	1041480	2973	AT5G03880.1
5	1038508	1041480	2973	AT5G03880.1
5	1038508	1041480	2973	AT5G03880.1
5	1038508	1041480	2973	AT5G03880.1
5	1038508	1041480	2973	AT5G03880.1
5	1038508	1041480	2973	AT5G03880.1
5	1038508	1041480	2973	AT5G03880.1
5	3914468	3915968	1501	AT5G12110.1
5	3914468	3915968	1501	AT5G12110.1
5	3914468	3915968	1501	AT5G12110.1
5	3914468	3915968	1501	AT5G12110.1
5	3914468	3915968	1501	AT5G12110.1
5	3914468	3915968	1501	AT5G12110.1
5	3914468	3915968	1501	AT5G12110.1
5	3914468	3915968	1501	AT5G12110.1
5	3914468	3915968	1501	AT5G12110.1
5	3914468	3915968	1501	AT5G12110.1
5	3914468	3915968	1501	AT5G12110.1
5	3914468	3915968	1501	AT5G12110.1
5	3914468	3915968	1501	AT5G12110.1
5	5255797	5257230	1434	AT5G16090.1
5	5255797	5257230	1434	AT5G16090.1
5	5454801	5459617	4817	AT5G16630.2
5	5454945	5459578	4634	AT5G16630.1
5	5454801	5459617	4817	AT5G16630.2
5	5454945	5459578	4634	AT5G16630.1
5	5454801	5459617	4817	AT5G16630.2
5	5454945	5459578	4634	AT5G16630.1
5	5454801	5459617	4817	AT5G16630.2
5	5454945	5459578	4634	AT5G16630.1
5	5454801	5459617	4817	AT5G16630.2
5	5454945	5459578	4634	AT5G16630.1
5	5454801	5459617	4817	AT5G16630.2
5	5454945	5459578	4634	AT5G16630.1
5	5454801	5459617	4817	AT5G16630.2
5	5454945	5459578	4634	AT5G16630.1
5	5454801	5459617	4817	AT5G16630.2
5	5454945	5459578	4634	AT5G16630.1
5	5454801	5459617	4817	AT5G16630.2
5	5454945	5459578	4634	AT5G16630.1
5	5454801	5459617	4817	AT5G16630.2
5	5454945	5459578	4634	AT5G16630.1
5	5454801	5459617	4817	AT5G16630.2
5	5454945	5459578	4634	AT5G16630.1
5	5454801	5459617	4817	AT5G16630.2
5	5454945	5459578	4634	AT5G16630.1
5	5454801	5459617	4817	AT5G16630.2
5	5454945	5459578	4634	AT5G16630.1
5	5454801	5459617	4817	AT5G16630.2
5	5454945	5459578	4634	AT5G16630.1
5	5454801	5459617	4817	AT5G16630.2
5	5454945	5459578	4634	AT5G16630.1
5	5454801	5459617	4817	AT5G16630.2
5	5454945	5459578	4634	AT5G16630.1
5	5454801	5459617	4817	AT5G16630.2
5	5454945	5459578	4634	AT5G16630.1
5	5454801	5459617	4817	AT5G16630.2
5	5454945	5459578	4634	AT5G16630.1
5	5454801	5459617	4817	AT5G16630.2
5	5454945	5459578	4634	AT5G16630.1
5	5454801	5459617	4817	AT5G16630.2
5	5454945	5459578	4634	AT5G16630.1
5	5454801	5459617	4817	AT5G16630.2
5	5454945	5459578	4634	AT5G16630.1
5	5454801	5459617	4817	AT5G16630.2
5	5454945	5459578	4634	AT5G16630.1
5	5454801	5459617	4817	AT5G16630.2
5	5454945	5459578	4634	AT5G16630.1
5	5454801	5459617	4817	AT5G16630.2
5	5454945	5459578	4634	AT5G16630.1
5	5454801	5459617	4817	AT5G16630.2
5	5454945	5459578	4634	AT5G16630.1
5	5454801	5459617	4817	AT5G16630.2
5	5454945	5459578	4634	AT5G16630.1
5	5454801	5459617	4817	AT5G16630.2
5	5454945	5459578	4634	AT5G16630.1
5	5454801	5459617	4817	AT5G16630.2
5	5454945	5459578	4634	AT5G16630.1
5	5454801	5459617	4817	AT5G16630.2
5	5454945	5459578	4634	AT5G16630.1
5	5454801	5459617	4817	AT5G16630.2
5	5454945	5459578	4634	AT5G16630.1
5	5454801	5459617	4817	AT5G16630.2
5	5454945	5459578	4634	AT5G16630.1
5	5454801	5459617	4817	AT5G16630.2
5	5454945	5459578	4634	AT5G16630.1
5	5454801	5459617	4817	AT5G16630.2
5	5454945	5459578	4634	AT5G16630.1
5	5454801	5459617	4817	AT5G16630.2
5	5454945	5459578	4634	AT5G16630.1
5	5454801	5459617	4817	AT5G16630.2
5	5454945	5459578	4634	AT5G16630.1
5	5454801	5459617	4817	AT5G16630.2
5	5454945	5459578	4634	AT5G16630.1
5	5454801	5459617	4817	AT5G16630.2
5	5454945	5459578	4634	AT5G16630.1
5	5454801	5459617	4817	AT5G16630.2
5	5454945	5459578	4634	AT5G16630.1
5	5454801	5459617	4817	AT5G16630.2
5	5454945	5459578	4634	AT5G16630.1
5	5454801	5459617	4817	AT5G16630.2
5	5454945	5459578	4634	AT5G16630.1
5	5454801	5459617	4817	AT5G16630.2
5	5454945	5459578	4634	AT5G16630.1
5	5454801	5459617	4817	AT5G16630.2
5	5454945	5459578	4634	AT5G16630.1
5	5454801	5459617	4817	AT5G16630.2
5	5454945	5459578	4634	AT5G16630.1
5	5454801	5459617	4817	AT5G16630.2
5	5454945	5459578	4634	AT5G16630.1
5	5454801	5459617	4817	AT5G16630.2
5	5454945	5459578	4634	AT5G16630.1
5	5454801	5459617	4817	AT5G16630.2
5	5454945	5459578	4634	AT5G16630.1
5	5454801	5459617	4817	AT5G16630.2
5	5454945	5459578	4634	AT5G16630.1
5	5454801	5459617	4817	AT5G16630.2
5	5454945	5459578	4634	AT5G16630.1
5	5454801	5459617	4817	AT5G16630.2
5	5454945	5459578	4634	AT5G16630.1
5	5454801	5459617	4817	AT5G16630.2
5	5454945	5459578	4634	AT5G16630.1
5	5454801	5459617	4817	AT5G16630.2
5	5454945	5459578	4634	AT5G16630.1
5	5454801	5459617	4817	AT5G16630.2
5	5454945	5459578	4634	AT5G16630.1
5	5454801	5459617	4817	AT5G16630.2
5	5454945	5459578	4634	AT5G16630.1
5	5454801	5459617	4817	AT5G16630.2
5	5454945	5459578	4634	AT5G16630.1
5	5454801	5459617	4817	AT5G16630.2
5	5454945	5459578	4634	AT5G16630.1
5	5454801	5459617	4817	AT5G16630.2
5	5454945	5459578	4634	AT5G16630.1
5	5454801	5459617	4817	AT5G16630.2
5	5454945	5459578	4634	AT5G16630.1
5	5454801	5459617	4817	AT5G16630.2
5	5454945	5459578	4634	AT5G16630.1
5	5454801	5459617	4817	AT5G16630.2
5	5454945	5459578	4634	AT5G16630.1
5	5454801	5459617	4817	AT5G16630.2
5	5454945	5459578	4634	AT5G16630.1
5	5454801	5459617	4817	AT5G16630.2
5	5454945	5459578	4634	AT5G16630.1
5	5454801	5459617	4817	AT5G16630.2
5	5454945	5459578	4634	AT5G16630.1
5	5454801	5459617	4817	AT5G16630.2
5	5454945	5459578	4634	AT5G16630.1
5	5454801	5459617	4817	AT5G16630.2
5	5454945	5459578	4634	AT5G16630.1
5	5454801	5459617	4817	AT5G16630.2
5	5454945	5459578	4634	AT5G16630.1
5	5454801	5459617	4817	AT5G16630.2
5	5454945	5459578	4634	AT5G16630.1
5	5454801	5459617	4817	AT5G16630.2
5	5454945	5459578	4634	AT5G16630.1
5	5454801	5459617	4817	AT5G16630.2
5	5454945	5459578	4634	AT5G16630.1
5	5454801	5459617	4817	AT5G16630.2
5	5454945	5459578	4634	AT5G16630.1
5	5454801	5459617	4817	AT5G16630.2
5	5454945	5459578	4634	AT5G16630.1
5	5454801	5459617	4817	AT5G16630.2
5	5454945	5459578	4634	AT5G16630.1
5	5454801	5459617	4817	AT5G16630.2
5	5454945	5459578	4634	AT5G16630.1
5	5454801	5459617	4817	AT5G16630.2
5	5454945	5459578	4634	AT5G16630.1
5	5454801	5459617	4817	AT5G16630.2
5	5454945	5459578	4634	AT5G16630.1
5	5483288	5485081	1794	AT5G16710.1
5	5483288	5485081	1794	AT5G16710.1
5	5483288	5485081	1794	AT5G16710.1
5	5658460	5659386	927	AT5G17220.1
5	6581658	6583248	1591	AT5G19510.1
5	6581658	6583248	1591	AT5G19510.1
5	6581658	6583248	1591	AT5G19510.1
5	6581658	6583248	1591	AT5G19510.1
5	6581658	6583248	1591	AT5G19510.1
5	6581658	6583248	1591	AT5G19510.1
5	6581658	6583248	1591	AT5G19510.1
5	6581658	6583248	1591	AT5G19510.1
5	9305513	9308440	2928	AT5G26710.1
5	9305513	9308440	2928	AT5G26710.1
5	9305513	9308440	2928	AT5G26710.1
5	9305513	9308440	2928	AT5G26710.1
5	9305513	9308440	2928	AT5G26710.1
5	9305513	9308440	2928	AT5G26710.1
5	9305513	9308440	2928	AT5G26710.1
5	9305513	9308440	2928	AT5G26710.1
5	9305513	9308440	2928	AT5G26710.1
5	9305513	9308440	2928	AT5G26710.1
5	9305513	9308440	2928	AT5G26710.1
5	9311875	9315475	3601	AT5G26680.2
5	9311882	9315475	3594	AT5G26680.1
5	9311875	9315475	3601	AT5G26680.2
5	9311882	9315475	3594	AT5G26680.1
5	9311875	9315475	3601	AT5G26680.2
5	9311882	9315475	3594	AT5G26680.1
5	9311875	9315475	3601	AT5G26680.2
5	9311882	9315475	3594	AT5G26680.1
5	9311875	9315475	3601	AT5G26680.2
5	9311882	9315475	3594	AT5G26680.1
5	9311875	9315475	3601	AT5G26680.2
5	9311882	9315475	3594	AT5G26680.1
5	9311875	9315475	3601	AT5G26680.2
5	9311882	9315475	3594	AT5G26680.1
5	9311875	9315475	3601	AT5G26680.2
5	9311882	9315475	3594	AT5G26680.1
5	9311875	9315475	3601	AT5G26680.2
5	9311882	9315475	3594	AT5G26680.1
5	9311875	9315475	3601	AT5G26680.2
5	9311882	9315475	3594	AT5G26680.1
5	9311875	9315475	3601	AT5G26680.2
5	9311882	9315475	3594	AT5G26680.1
5	9311875	9315475	3601	AT5G26680.2
5	9311882	9315475	3594	AT5G26680.1
5	9311875	9315475	3601	AT5G26680.2
5	9311882	9315475	3594	AT5G26680.1
5	9311875	9315475	3601	AT5G26680.2
5	9311882	9315475	3594	AT5G26680.1
5	9311875	9315475	3601	AT5G26680.2
5	9311882	9315475	3594	AT5G26680.1
5	9311875	9315475	3601	AT5G26680.2
5	9311882	9315475	3594	AT5G26680.1
5	9311875	9315475	3601	AT5G26680.2
5	9311882	9315475	3594	AT5G26680.1
5	9311875	9315475	3601	AT5G26680.2
5	9311882	9315475	3594	AT5G26680.1
5	9311875	9315475	3601	AT5G26680.2
5	9311882	9315475	3594	AT5G26680.1
5	9311875	9315475	3601	AT5G26680.2
5	9311882	9315475	3594	AT5G26680.1
5	9311875	9315475	3601	AT5G26680.2
5	9311882	9315475	3594	AT5G26680.1
5	9311875	9315475	3601	AT5G26680.2
5	9311882	9315475	3594	AT5G26680.1
5	9311875	9315475	3601	AT5G26680.2
5	9311882	9315475	3594	AT5G26680.1
5	9311875	9315475	3601	AT5G26680.2
5	9311882	9315475	3594	AT5G26680.1
5	9311875	9315475	3601	AT5G26680.2
5	9311882	9315475	3594	AT5G26680.1
5	9311875	9315475	3601	AT5G26680.2
5	9311882	9315475	3594	AT5G26680.1
5	9311875	9315475	3601	AT5G26680.2
5	9311882	9315475	3594	AT5G26680.1
5	9311875	9315475	3601	AT5G26680.2
5	9311882	9315475	3594	AT5G26680.1
5	9311875	9315475	3601	AT5G26680.2
5	9311882	9315475	3594	AT5G26680.1
5	9311875	9315475	3601	AT5G26680.2
5	9311882	9315475	3594	AT5G26680.1
5	9311875	9315475	3601	AT5G26680.2
5	9311882	9315475	3594	AT5G26680.1
5	9311875	9315475	3601	AT5G26680.2
5	9311882	9315475	3594	AT5G26680.1
5	9311875	9315475	3601	AT5G26680.2
5	9311882	9315475	3594	AT5G26680.1
5	9311875	9315475	3601	AT5G26680.2
5	9311882	9315475	3594	AT5G26680.1
5	9311875	9315475	3601	AT5G26680.2
5	9311882	9315475	3594	AT5G26680.1
5	9311875	9315475	3601	AT5G26680.2
5	9311882	9315475	3594	AT5G26680.1
5	9311875	9315475	3601	AT5G26680.2
5	9311882	9315475	3594	AT5G26680.1
5	9311875	9315475	3601	AT5G26680.2
5	9311882	9315475	3594	AT5G26680.1
5	9311875	9315475	3601	AT5G26680.2
5	9311882	9315475	3594	AT5G26680.1
5	9311875	9315475	3601	AT5G26680.2
5	9311882	9315475	3594	AT5G26680.1
5	9311875	9315475	3601	AT5G26680.2
5	9311882	9315475	3594	AT5G26680.1
5	9311875	9315475	3601	AT5G26680.2
5	9311882	9315475	3594	AT5G26680.1
5	9311875	9315475	3601	AT5G26680.2
5	9311882	9315475	3594	AT5G26680.1
5	9311875	9315475	3601	AT5G26680.2
5	9311882	9315475	3594	AT5G26680.1
5	9311875	9315475	3601	AT5G26680.2
5	9311882	9315475	3594	AT5G26680.1
5	9311875	9315475	3601	AT5G26680.2
5	9311882	9315475	3594	AT5G26680.1
5	9311875	9315475	3601	AT5G26680.2
5	9311882	9315475	3594	AT5G26680.1
5	9311875	9315475	3601	AT5G26680.2
5	9311882	9315475	3594	AT5G26680.1
5	9311875	9315475	3601	AT5G26680.2
5	9311882	9315475	3594	AT5G26680.1
5	9311875	9315475	3601	AT5G26680.2
5	9311882	9315475	3594	AT5G26680.1
5	9311875	9315475	3601	AT5G26680.2
5	9311882	9315475	3594	AT5G26680.1
5	9311875	9315475	3601	AT5G26680.2
5	9311882	9315475	3594	AT5G26680.1
5	9311875	9315475	3601	AT5G26680.2
5	9311882	9315475	3594	AT5G26680.1
5	9311875	9315475	3601	AT5G26680.2
5	9311882	9315475	3594	AT5G26680.1
5	9311875	9315475	3601	AT5G26680.2
5	9311882	9315475	3594	AT5G26680.1
5	9311875	9315475	3601	AT5G26680.2
5	9311882	9315475	3594	AT5G26680.1
5	9311875	9315475	3601	AT5G26680.2
5	9311882	9315475	3594	AT5G26680.1
5	9311875	9315475	3601	AT5G26680.2
5	9311882	9315475	3594	AT5G26680.1
5	9311875	9315475	3601	AT5G26680.2
5	9311882	9315475	3594	AT5G26680.1
5	9311875	9315475	3601	AT5G26680.2
5	9311882	9315475	3594	AT5G26680.1
5	9311875	9315475	3601	AT5G26680.2
5	9311882	9315475	3594	AT5G26680.1
5	9311875	9315475	3601	AT5G26680.2
5	9311882	9315475	3594	AT5G26680.1
5	9311875	9315475	3601	AT5G26680.2
5	9311882	9315475	3594	AT5G26680.1
5	9311875	9315475	3601	AT5G26680.2
5	9311882	9315475	3594	AT5G26680.1
5	9311875	9315475	3601	AT5G26680.2
5	9311882	9315475	3594	AT5G26680.1
5	9311875	9315475	3601	AT5G26680.2
5	9311882	9315475	3594	AT5G26680.1
5	15404642	15407711	3070	AT5G38470.1
5	15404642	15407711	3070	AT5G38470.2
5	15404642	15407711	3070	AT5G38470.1
5	15404642	15407711	3070	AT5G38470.2
5	15404642	15407711	3070	AT5G38470.1
5	15404642	15407711	3070	AT5G38470.2
5	15404642	15407711	3070	AT5G38470.1
5	15404642	15407711	3070	AT5G38470.2
5	15404642	15407711	3070	AT5G38470.1
5	15404642	15407711	3070	AT5G38470.2
5	15404642	15407711	3070	AT5G38470.1
5	15404642	15407711	3070	AT5G38470.2
5	15404642	15407711	3070	AT5G38470.1
5	15404642	15407711	3070	AT5G38470.2
5	15404642	15407711	3070	AT5G38470.1
5	15404642	15407711	3070	AT5G38470.2
5	15404642	15407711	3070	AT5G38470.1
5	15404642	15407711	3070	AT5G38470.2
5	15404642	15407711	3070	AT5G38470.1
5	15404642	15407711	3070	AT5G38470.2
5	15404642	15407711	3070	AT5G38470.1
5	15404642	15407711	3070	AT5G38470.2
5	15404642	15407711	3070	AT5G38470.1
5	15404642	15407711	3070	AT5G38470.2
5	15404642	15407711	3070	AT5G38470.1
5	15404642	15407711	3070	AT5G38470.2
5	15404642	15407711	3070	AT5G38470.1
5	15404642	15407711	3070	AT5G38470.2
5	15404642	15407711	3070	AT5G38470.1
5	15404642	15407711	3070	AT5G38470.2
5	15404642	15407711	3070	AT5G38470.1
5	15404642	15407711	3070	AT5G38470.2
5	15404642	15407711	3070	AT5G38470.1
5	15404642	15407711	3070	AT5G38470.2
5	15404642	15407711	3070	AT5G38470.1
5	15404642	15407711	3070	AT5G38470.2
5	15404642	15407711	3070	AT5G38470.1
5	15404642	15407711	3070	AT5G38470.2
5	15404642	15407711	3070	AT5G38470.1
5	15404642	15407711	3070	AT5G38470.2
5	15404642	15407711	3070	AT5G38470.1
5	15404642	15407711	3070	AT5G38470.2
5	15404642	15407711	3070	AT5G38470.1
5	15404642	15407711	3070	AT5G38470.2
5	15404642	15407711	3070	AT5G38470.1
5	15404642	15407711	3070	AT5G38470.2
5	15404642	15407711	3070	AT5G38470.1
5	15404642	15407711	3070	AT5G38470.2
5	15404642	15407711	3070	AT5G38470.1
5	15404642	15407711	3070	AT5G38470.2
5	15404642	15407711	3070	AT5G38470.1
5	15404642	15407711	3070	AT5G38470.2
5	15404642	15407711	3070	AT5G38470.1
5	15404642	15407711	3070	AT5G38470.2
5	16492320	16493994	1675	AT5G41210.1
5	16492320	16493994	1675	AT5G41210.1
5	16492320	16493994	1675	AT5G41210.1
5	16492320	16493994	1675	AT5G41210.1
5	16492320	16493994	1675	AT5G41210.1
5	16492320	16493994	1675	AT5G41210.1
5	16492320	16493994	1675	AT5G41210.1
5	16492320	16493994	1675	AT5G41210.1
5	16492320	16493994	1675	AT5G41210.1
5	16492320	16493994	1675	AT5G41210.1
5	16492320	16493994	1675	AT5G41210.1
5	16492320	16493994	1675	AT5G41210.1
5	16492320	16493994	1675	AT5G41210.1
5	16492320	16493994	1675	AT5G41210.1
5	16492320	16493994	1675	AT5G41210.1
5	16492320	16493994	1675	AT5G41210.1
5	16492320	16493994	1675	AT5G41210.1
5	16494426	16497068	2643	AT5G41220.1
5	16494426	16497068	2643	AT5G41220.1
5	16494426	16497068	2643	AT5G41220.1
5	16494426	16497068	2643	AT5G41220.1
5	16494426	16497068	2643	AT5G41220.1
5	16494426	16497068	2643	AT5G41220.1
5	16494426	16497068	2643	AT5G41220.1
5	16494426	16497068	2643	AT5G41220.1
5	16494426	16497068	2643	AT5G41220.1
5	16494426	16497068	2643	AT5G41220.1
5	16494426	16497068	2643	AT5G41220.1
5	16494426	16497068	2643	AT5G41220.1
5	16494426	16497068	2643	AT5G41220.1
5	16494426	16497068	2643	AT5G41220.1
5	16494426	16497068	2643	AT5G41220.1
5	16494426	16497068	2643	AT5G41220.1
5	16494426	16497068	2643	AT5G41220.1
5	16498155	16500858	2704	AT5G41240.1
5	16498155	16500858	2704	AT5G41240.1
5	16498155	16500858	2704	AT5G41240.1
5	16498155	16500858	2704	AT5G41240.1
5	16498155	16500858	2704	AT5G41240.1
5	16498155	16500858	2704	AT5G41240.1
5	16498155	16500858	2704	AT5G41240.1
5	16498155	16500858	2704	AT5G41240.1
5	16498155	16500858	2704	AT5G41240.1
5	16498155	16500858	2704	AT5G41240.1
5	16498155	16500858	2704	AT5G41240.1
5	16498155	16500858	2704	AT5G41240.1
5	16498155	16500858	2704	AT5G41240.1
5	16498155	16500858	2704	AT5G41240.1
5	16498155	16500858	2704	AT5G41240.1
5	16498155	16500858	2704	AT5G41240.1
5	16498155	16500858	2704	AT5G41240.1
5	16498155	16500858	2704	AT5G41240.1
5	16846150	16848279	2130	AT5G42150.1
5	16846150	16848279	2130	AT5G42150.1
5	16846150	16848279	2130	AT5G42150.1
5	16846150	16848279	2130	AT5G42150.1
5	16846150	16848279	2130	AT5G42150.1
5	16846150	16848279	2130	AT5G42150.1
5	16846150	16848279	2130	AT5G42150.1
5	16846150	16848279	2130	AT5G42150.1
5	16846150	16848279	2130	AT5G42150.1
5	16846150	16848279	2130	AT5G42150.1
5	16846150	16848279	2130	AT5G42150.1
5	16846150	16848279	2130	AT5G42150.1
5	16846150	16848279	2130	AT5G42150.1
5	16846150	16848279	2130	AT5G42150.1
5	16846150	16848279	2130	AT5G42150.1
5	16846150	16848279	2130	AT5G42150.1
5	16846150	16848279	2130	AT5G42150.1
5	16846150	16848279	2130	AT5G42150.1
5	16846150	16848279	2130	AT5G42150.1
5	16846150	16848279	2130	AT5G42150.1
5	16846150	16848279	2130	AT5G42150.1
5	16846150	16848279	2130	AT5G42150.1
5	16846150	16848279	2130	AT5G42150.1
5	16846150	16848279	2130	AT5G42150.1
5	16846150	16848279	2130	AT5G42150.1
5	16846150	16848279	2130	AT5G42150.1
5	17702090	17703963	1874	AT5G44000.1
5	17702090	17703963	1874	AT5G44000.1
5	17702090	17703963	1874	AT5G44000.1
5	17702090	17703963	1874	AT5G44000.1
5	17702090	17703963	1874	AT5G44000.1
5	17702090	17703963	1874	AT5G44000.1
5	17702090	17703963	1874	AT5G44000.1
5	17702090	17703963	1874	AT5G44000.1
5	17702090	17703963	1874	AT5G44000.1
5	17702090	17703963	1874	AT5G44000.1
5	17702090	17703963	1874	AT5G44000.1
5	17702090	17703963	1874	AT5G44000.1
5	17702090	17703963	1874	AT5G44000.1
5	17702090	17703963	1874	AT5G44000.1
5	17702090	17703963	1874	AT5G44000.1
5	17702090	17703963	1874	AT5G44000.1
5	17702090	17703963	1874	AT5G44000.1
5	17702090	17703963	1874	AT5G44000.1
5	17702090	17703963	1874	AT5G44000.1
5	17702090	17703963	1874	AT5G44000.1
5	17702090	17703963	1874	AT5G44000.1
5	17702090	17703963	1874	AT5G44000.1
5	17702090	17703963	1874	AT5G44000.1
5	17702090	17703963	1874	AT5G44000.1
5	17702090	17703963	1874	AT5G44000.1
5	17702090	17703963	1874	AT5G44000.1
5	17702090	17703963	1874	AT5G44000.1
5	17702090	17703963	1874	AT5G44000.1
5	17702090	17703963	1874	AT5G44000.1
5	17702090	17703963	1874	AT5G44000.1
5	17702090	17703963	1874	AT5G44000.1
5	17702090	17703963	1874	AT5G44000.1
5	17702090	17703963	1874	AT5G44000.1
5	17702090	17703963	1874	AT5G44000.1
5	17702090	17703963	1874	AT5G44000.1
5	17702090	17703963	1874	AT5G44000.1
5	17702090	17703963	1874	AT5G44000.1
5	17702090	17703963	1874	AT5G44000.1
5	18047784	18051879	4096	AT5G44740.1
5	18047784	18051878	4095	AT5G44740.2
5	18047784	18051879	4096	AT5G44740.1
5	18047784	18051878	4095	AT5G44740.2
5	18047784	18051879	4096	AT5G44740.1
5	18047784	18051878	4095	AT5G44740.2
5	18047784	18051879	4096	AT5G44740.1
5	18047784	18051878	4095	AT5G44740.2
5	18047784	18051879	4096	AT5G44740.1
5	18047784	18051878	4095	AT5G44740.2
5	18047784	18051879	4096	AT5G44740.1
5	18047784	18051878	4095	AT5G44740.2
5	18047784	18051879	4096	AT5G44740.1
5	18047784	18051878	4095	AT5G44740.2
5	18047784	18051879	4096	AT5G44740.1
5	18047784	18051878	4095	AT5G44740.2
5	18047784	18051879	4096	AT5G44740.1
5	18047784	18051878	4095	AT5G44740.2
5	18047784	18051879	4096	AT5G44740.1
5	18047784	18051878	4095	AT5G44740.2
5	18047784	18051879	4096	AT5G44740.1
5	18047784	18051878	4095	AT5G44740.2
5	18047784	18051879	4096	AT5G44740.1
5	18047784	18051878	4095	AT5G44740.2
5	18047784	18051879	4096	AT5G44740.1
5	18047784	18051878	4095	AT5G44740.2
5	18047784	18051879	4096	AT5G44740.1
5	18047784	18051878	4095	AT5G44740.2
5	18047784	18051879	4096	AT5G44740.1
5	18047784	18051878	4095	AT5G44740.2
5	18047784	18051879	4096	AT5G44740.1
5	18047784	18051878	4095	AT5G44740.2
5	18047784	18051879	4096	AT5G44740.1
5	18047784	18051878	4095	AT5G44740.2
5	18047784	18051879	4096	AT5G44740.1
5	18047784	18051878	4095	AT5G44740.2
5	18047784	18051879	4096	AT5G44740.1
5	18047784	18051878	4095	AT5G44740.2
5	18047784	18051879	4096	AT5G44740.1
5	18047784	18051878	4095	AT5G44740.2
5	18047784	18051879	4096	AT5G44740.1
5	18047784	18051878	4095	AT5G44740.2
5	18047784	18051879	4096	AT5G44740.1
5	18047784	18051878	4095	AT5G44740.2
5	18047784	18051879	4096	AT5G44740.1
5	18047784	18051878	4095	AT5G44740.2
5	18047784	18051879	4096	AT5G44740.1
5	18047784	18051878	4095	AT5G44740.2
5	18047784	18051879	4096	AT5G44740.1
5	18047784	18051878	4095	AT5G44740.2
5	18047784	18051879	4096	AT5G44740.1
5	18047784	18051878	4095	AT5G44740.2
5	18047784	18051879	4096	AT5G44740.1
5	18047784	18051878	4095	AT5G44740.2
5	18163132	18164768	1637	AT5G44990.3
5	18163158	18164768	1611	AT5G44990.1
5	18163235	18164768	1534	AT5G44990.2
5	18163132	18164768	1637	AT5G44990.3
5	18163158	18164768	1611	AT5G44990.1
5	18163235	18164768	1534	AT5G44990.2
5	18163132	18164768	1637	AT5G44990.3
5	18163158	18164768	1611	AT5G44990.1
5	18163235	18164768	1534	AT5G44990.2
5	18168682	18170651	1970	AT5G45020.1
5	18168767	18170775	2009	AT5G45020.2
5	18168682	18170651	1970	AT5G45020.1
5	18168767	18170775	2009	AT5G45020.2
5	18168682	18170651	1970	AT5G45020.1
5	18168767	18170775	2009	AT5G45020.2
5	18168682	18170651	1970	AT5G45020.1
5	18168767	18170775	2009	AT5G45020.2
5	18168682	18170651	1970	AT5G45020.1
5	18168767	18170775	2009	AT5G45020.2
5	18168682	18170651	1970	AT5G45020.1
5	18168767	18170775	2009	AT5G45020.2
5	25088694	25089620	927	AT5G62480.1
5	25088718	25089593	876	AT5G62480.2
5	25088694	25089620	927	AT5G62480.1
5	25088718	25089593	876	AT5G62480.2
